Acc;-4.8E-2;-4.3E-2;8.880001E-1
Gyr;7.9625E-1;-1.19875;-3.85E-1
Mag;-1.82E2;6.8E1;-8.5E1
Ang;-287
Acc;-1.1000001E-2;1E-3;1.0710001
Gyr;-9.1E-1;-1.225E-1;-6.65E-1
Mag;-1.86E2;7.1E1;-7.9E1
Ang;-301
Acc;-1.0000001E-2;4E-3;1.041
Gyr;7.525E-1;2.45E-1;-1.5575
Mag;-1.95E2;8.1E1;-6.3E1
Ang;-343
Acc;2.0000001E-2;9.000001E-3;1.0610001
Gyr;-2.59;-6.825E-1;-1.16375
Mag;-2.05E2;8.1E1;-4.2E1
Ang;-22
Acc;2.0000001E-2;2.7E-2;1.044
Gyr;1.715;-1.785;-1.4525
Mag;-2.18E2;7.7E1;-4.6E1
Ang;-67
Acc;2.1000002E-2;-2E-3;1.041
Gyr;-1.16375;2.07375;-6.3875E-1
Mag;-2.33E2;9.1E1;-5.5E1
Ang;-105
Acc;-1.5000001E-2;-6.3E-2;1.1010001
Gyr;9.275E-1;1.07625;9.975E-1
Mag;-2.33E2;9.1E1;-6.3E1
Ang;-84
Acc;-4E-3;-5.8000002E-2;1.0780001
Gyr;1.84625;-5.8625E-1;-4.55E-1
Mag;-2.2E2;8.9E1;-8.5E1
Ang;-86
Acc;-1E-3;-6.9000006E-2;9.5100003E-1
Gyr;2.835;8.4875E-1;-2.45E-1
Mag;-2.13E2;1.08E2;-9.8E1
Ang;-111
Acc;3.2E-2;3.0000001E-2;1.2360001
Gyr;-7E-2;-1.30375;-2.975E-1
Mag;-2.28E2;1.21E2;-8.3E1
Ang;-118
Acc;1.6E-2;-3.9E-2;9.7400004E-1
Gyr;-4.1825;7.875E-2;-3.15E-1
Mag;-2.4E2;1.09E2;-8.1E1
Ang;-126
Acc;2.0000001E-2;-1E-3;1.049
Gyr;5.425E-1;-1.33875;4.375E-1
Mag;-2.35E2;1.19E2;-9.1E1
Ang;-119
Acc;-4.5E-2;-7E-2;9.9200004E-1
Gyr;1.28625;-6.475E-1;-3.5E-1
Mag;-2.32E2;1.21E2;-8.5E1
Ang;-118
Acc;-1.9000001E-2;-2.7E-2;1.1570001
Gyr;-3.85875;-2.96625;-7E-2
Mag;-2.49E2;1.16E2;-1.02E2
Ang;-120
Acc;-3.1000001E-2;-2.0000001E-2;1.001
Gyr;-4.41875;-1.63625;-7.1750003E-1
Mag;-2.6E2;1.3E2;-1.08E2
Ang;-127
Acc;-4.7000002E-2;-7.2000004E-2;1.19
Gyr;1.98625;-2.8875;-2.975E-1
Mag;-2.65E2;1.32E2;-1.06E2
Ang;-140
Acc;3.4E-2;-2.7E-2;9.2700005E-1
Gyr;6.2125E-1;2.07375;-5.425E-1
Mag;-2.58E2;1.32E2;-1.08E2
Ang;-150
Acc;1E-3;-7.6000005E-2;9.84E-1
Gyr;2.17875;-1.39125;-4.2875E-1
Mag;-2.41E2;1.48E2;-1.1E2
Ang;-162
Acc;1.2E-2;5.0000004E-3;1.0500001
Gyr;-2.17875;1.365;5.775E-1
Mag;-2.1E2;1.59E2;-9.4E1
Ang;-143
Acc;-4.5E-2;-8.5E-2;1.054
Gyr;8.3125E-1;-3.675E-1;8.575E-1
Mag;-1.78E2;1.54E2;-9.9E1
Ang;-132
Acc;-8E-3;-2.5E-2;1.077
Gyr;-1.295;1.05000004E-1;4.2000002E-1
Mag;-1.56E2;1.64E2;-1.06E2
Ang;-141
Acc;2.5E-2;4.6000004E-2;1.006
Gyr;-2.09125;1.6625E-1;-9.7125E-1
Mag;-1.48E2;1.53E2;-1.04E2
Ang;-151
Acc;-2.8E-2;-5.8000002E-2;9.75E-1
Gyr;-5.69625;-5.95E-1;-1.925E-1
Mag;-1.44E2;1.6E2;-1.1E2
Ang;-157
Acc;1.5000001E-2;1.9000001E-2;1.005
Gyr;-1.74125;1.155;8.05E-1
Mag;-1.48E2;1.55E2;-8.1E1
Ang;-159
Acc;4E-3;-6.6E-2;9.3700004E-1
Gyr;-6.5625E-1;5.425E-1;-1.75E-1
Mag;-1.53E2;1.41E2;-6.3E1
Ang;-158
Acc;-5.0000004E-3;-5E-2;9.38E-1
Gyr;2.77375;1.70625;-1.61
Mag;-1.64E2;1.36E2;-6.5E1
Ang;-139
Acc;2E-3;1E-3;1.0090001
Gyr;3.49125;-2.975E-1;1.19
Mag;-1.88E2;1.48E2;-7.1E1
Ang;-136
Acc;-1.4E-2;-9.000001E-3;1.1580001
Gyr;1.2425;-1.5575;2.8E-1
Mag;-2.07E2;1.57E2;-4.4E1
Ang;-114
Acc;-4.6000004E-2;-8.400001E-2;1.044
Gyr;4.01625;1.1375E-1;5.6875E-1
Mag;-2.24E2;1.37E2;-3.4E1
Ang;-118
Acc;1.2E-2;-2E-3;1.133
Gyr;-4.1125E-1;-9.625E-1;-1.925E-1
Mag;-2.32E2;1.39E2;-5.8E1
Ang;-106
Acc;-2.8E-2;-7.5E-2;1.177
Gyr;4.585;-1.18125;-1.75E-1
Mag;-2.48E2;1.51E2;-8.5E1
Ang;-126
Acc;-4.9000002E-2;-4.3E-2;1.003
Gyr;3.75375;-6.7375E-1;-2.975E-1
Mag;-2.39E2;1.78E2;-8.9E1
Ang;-134
Acc;1E-3;-8E-3;9.89E-1
Gyr;2.03875;-7.2625E-1;-1.4525
Mag;-2.3E2;1.68E2;-6E1
Ang;-146
Acc;-8.2E-2;9.000001E-3;1.085
Gyr;-2.555;-3.15E-1;1.30375
Mag;-2.09E2;1.36E2;-6.5E1
Ang;-147
Acc;-5.0000004E-3;-3E-3;1.1320001
Gyr;-2.0475;-2.135;7.7E-1
Mag;-2.09E2;1.38E2;-6.3E1
Ang;-136
Acc;-1.1000001E-2;-1.8000001E-2;1.0680001
Gyr;-6.5625E-1;2.02125;-5.25E-1
Mag;-2.25E2;1.4E2;-2E1
Ang;-167
Acc;-5.5000003E-2;-4.5E-2;9.4600004E-1
Gyr;-2.09125;-1.18125;1.925E-1
Mag;-2.47E2;1.05E2;2.5E1
Ang;-184
Acc;2.7E-2;-7.700001E-2;1.0430001
Gyr;-3.4125;-1.8025;-3.5875002E-1
Mag;-2.81E2;6.4E1;2E1
Ang;-199
Acc;-3.1000001E-2;-2.7E-2;9.3900007E-1
Gyr;-2.625E-1;-5.425E-1;3.7625E-1
Mag;-3.08E2;4.6E1;7
Ang;-201
Acc;-2.2000002E-2;-1.6E-2;9.5000005E-1
Gyr;3.70125;-3.0625E-1;-3.0625E-1
Mag;-2.89E2;3.4E1;1E1
Ang;-207
Acc;-2.5E-2;-3.4E-2;9.8E-1
Gyr;2.68625;-2.8E-1;-2.625E-1
Mag;-2.64E2;1.3E1;2.3E1
Ang;-207
Acc;1.0000001E-2;-4.4000003E-2;1.016
Gyr;2.275E-1;-1.75E-2;1.05000004E-1
Mag;-2.44E2;-6;1.4E1
Ang;-222
Acc;-2.1000002E-2;-1.8000001E-2;8.5E-1
Gyr;-9.8875E-1;2.5025;-2.6250001E-2
Mag;-2.17E2;-2.6E1;1.2E1
Ang;-229
Acc;1.6E-2;-2.0000001E-2;9.3500006E-1
Gyr;-7.0875E-1;-1.225;-1.3125
Mag;-1.96E2;-2.5E1;-1.2E1
Ang;-240
Acc;-5.2E-2;-6.1000004E-2;9.6000004E-1
Gyr;1.925E-1;-9.625E-1;-7.4375E-1
Mag;-1.93E2;-1.4E1;-2.3E1
Ang;-246
Acc;2.7E-2;-5.1000003E-2;1.049
Gyr;2.14375;4.375E-1;7.9625E-1
Mag;-1.93E2;-7;-3.9E1
Ang;-263
Acc;7E-3;-9.000001E-3;9.6800005E-1
Gyr;2.80875;-4.4625E-1;-3.85E-1
Mag;-1.89E2;9;-5.8E1
Ang;-265
Acc;-2.3000002E-2;7E-2;9.29E-1
Gyr;-3.71875;3.5875002E-1;-1.225E-1
Mag;-1.7E2;2.3E1;-6.3E1
Ang;-264
Acc;-5.0000004E-3;-3.9E-2;1.044
Gyr;-6.08125;-6.3875E-1;-7.4375E-1
Mag;-1.74E2;2.9E1;-5.8E1
Ang;-271
Acc;5.0000004E-3;-3.8000003E-2;1.11
Gyr;-4.0075;-9.0125E-1;7.6125E-1
Mag;-1.92E2;2.6E1;-6.2E1
Ang;-280
Acc;-3.3E-2;-1.5000001E-2;9.3700004E-1
Gyr;1.295;-1.3475;-1.4875E-1
Mag;-2.13E2;2.3E1;-6.5E1
Ang;-268
Acc;-6.6E-2;-5.3000003E-2;9.3000007E-1
Gyr;1.51375;1.8725001;5.2500002E-2
Mag;-2.3E2;2.9E1;-8.1E1
Ang;-262
Acc;-3.9E-2;-8.1E-2;8.9500004E-1
Gyr;-1.25125;5.775E-1;-2.6250001E-2
Mag;-2.54E2;3.4E1;-8.1E1
Ang;-280
Acc;-1.4E-2;-9.200001E-2;1.154
Gyr;-1.82875;-3.815;1.225E-1
Mag;-2.48E2;3.6E1;-9.4E1
Ang;-271
Acc;-1.1000001E-2;-6.2000003E-2;1.0830001
Gyr;-1.44375;3.15E-1;9.3625003E-1
Mag;-2.39E2;3.8E1;-8.4E1
Ang;-247
Acc;-6.3E-2;-3.3E-2;1.0680001
Gyr;1.155;-1.25125;1.1025
Mag;-2.47E2;1.5E1;-8.4E1
Ang;-244
Acc;-8.9E-2;-1.5000001E-2;1.0600001
Gyr;1.2775;6.0375E-1;6.3875E-1
Mag;-2.57E2;4;-8.5E1
Ang;-229
Acc;-1E-3;-7.1E-2;9.5500004E-1
Gyr;-7E-1;3.9375E-1;2.625E-1
Mag;-2.73E2;0;-1.08E2
Ang;-196
Acc;4.4000003E-2;6.6E-2;1.1700001
Gyr;2.275;-3.5E-2;-3.325E-1
Mag;-2.92E2;4.8E1;-1.4E2
Ang;-170
Acc;-2.5E-2;0;1.139
Gyr;4.2000002E-1;6.825E-1;4.375E-1
Mag;-3.04E2;1.08E2;-1.38E2
Ang;-150
Acc;-8E-3;-4.5E-2;1.064
Gyr;-4.31375;-1.6275;-3.0625E-1
Mag;-2.99E2;1.25E2;-1.15E2
Ang;-153
Acc;7E-3;-2.8E-2;1.0170001
Gyr;-1.40875;-8.3125E-1;3.5875002E-1
Mag;-2.8E2;1.28E2;-1.16E2
Ang;-152
Acc;-4.4000003E-2;-2.8E-2;1.1270001
Gyr;6.3E-1;-5.3375E-1;-3.5E-1
Mag;-2.59E2;1.4E2;-1.16E2
Ang;-131
Acc;-6.2000003E-2;-8.800001E-2;1.138
Gyr;-1.96875;5.3375E-1;-3.675E-1
Mag;-2.54E2;1.24E2;-1.13E2
Ang;-148
Acc;2.1000002E-2;-1.3E-2;9.06E-1
Gyr;-3.77125;-3.0625E-1;-9.45E-1
Mag;-2.58E2;1.46E2;-1.39E2
Ang;-168
Acc;-2.0000001E-2;-4.2000003E-2;1.113
Gyr;3.5875002E-1;-7.2625E-1;-3.0625E-1
Mag;-2.62E2;2.07E2;-1.18E2
Ang;-194
Acc;8.3000004E-2;-4.1E-2;9.3100005E-1
Gyr;5.22375;5.03125;-6.99125
Mag;-2.58E2;1.5E2;-5.2E1
Ang;-283
Acc;-7.9E-2;-1.4E-2;9.47E-1
Gyr;-4.82125;-2.625;5.3375E-1
Mag;-2.32E2;8E1;-1.32E2
Ang;-307
Acc;-8E-3;-8.6E-2;9.24E-1
Gyr;9.8875E-1;5.5125E-1;-1.18125
Mag;-1.94E2;1.43E2;-1.83E2
Ang;-303
Acc;-2.3000002E-2;-6.5000005E-2;1.059
Gyr;2.52875;-2.8875E-1;9.1E-1
Mag;-1.54E2;1.53E2;-1.78E2
Ang;-295
Acc;-1.9000001E-2;-1.2E-2;1.0890001
Gyr;-5.66125;-8.925E-1;-5.1625E-1
Mag;-1.57E2;2.17E2;-1.8E2
Ang;-285
Acc;-4E-3;-6.5000005E-2;9.8100007E-1
Gyr;9.0125E-1;1.3475;-6.7375E-1
Mag;-2.07E2;2.37E2;-9.3E1
Ang;-273
Acc;-5.8000002E-2;-3.4E-2;9.89E-1
Gyr;1.37375;2.44125;-6.0375E-1
Mag;-2.48E2;1.93E2;-1.1E1
Ang;-265
Acc;-2.3000002E-2;-6.2000003E-2;1.052
Gyr;5.25E-1;2.51125;-1.4E-1
Mag;-2.79E2;1.27E2;2
Ang;-267
Acc;7E-3;-3.9E-2;1.067
Gyr;-1.86375;-1.75;-7.0875E-1
Mag;-2.79E2;1.03E2;-1.1E1
Ang;-268
Acc;-1.1000001E-2;-4.9000002E-2;1.028
Gyr;-5.425E-1;5.425E-1;1.5225
Mag;-2.59E2;8.1E1;-3E1
Ang;-273
Acc;-1.6E-2;-3.6000002E-2;1.0450001
Gyr;-3.85E-1;-4.8125E-1;1.56625
Mag;-2.51E2;6.1E1;-4.9E1
Ang;-165
Acc;-2.1000002E-2;-2.8E-2;1.042
Gyr;3.5E-2;-8.575E-1;-4.795
Mag;-2.48E2;5.4E1;-5.1E1
Ang;-335
Acc;-1.2E-2;-2.8E-2;1.0430001
Gyr;-2.8E-1;8.75E-2;-5.53875
Mag;-2.5E2;4.1E1;-5.3E1
Ang;-296
Acc;-1.9000001E-2;-2.9000001E-2;1.0480001
Gyr;-3.0625E-1;-5.3375E-1;-8.82875
Mag;-2.51E2;2E1;-5.3E1
Ang;-357
Acc;-1.4E-2;-1.9000001E-2;1.041
Gyr;1.3125E-1;-3.85E-1;-1.21625E1
Mag;-2.51E2;-7;-5.3E1
Ang;-208
Acc;-2.0000001E-2;-2.8E-2;1.056
Gyr;-1.2162501;-5.5125E-1;-6.335
Mag;-2.41E2;-2.7E1;-5.5E1
Ang;-54
Acc;-1.5000001E-2;-1.9000001E-2;1.042
Gyr;-8.75E-3;-3.85E-1;-1.008875E1
Mag;-2.33E2;-5E1;-5.8E1
Ang;-216
Acc;-1.4E-2;-4.4000003E-2;1.0350001
Gyr;-2.1875E-1;-1.75E-1;-8.00625
Mag;-2.22E2;-6.8E1;-5.4E1
Ang;-44
Acc;-1.9000001E-2;-4.7000002E-2;1.0350001
Gyr;-5.425E-1;-8.925E-1;-1.2635E1
Mag;-2.07E2;-8.9E1;-5.2E1
Ang;-291
Acc;-1.7E-2;-2.5E-2;1.034
Gyr;7.875E-2;2.3625E-1;-1.07275E1
Mag;-1.84E2;-1.11E2;-4.5E1
Ang;-262
Acc;-1.5000001E-2;-3.2E-2;1.039
Gyr;-3.15E-1;-1.75E-1;-1.785
Mag;-1.78E2;-1.16E2;-4.4E1
Ang;-119
Acc;-2.3000002E-2;-2.8E-2;1.044
Gyr;-4.2875E-1;-2.7125E-1;-6.4225
Mag;-1.71E2;-1.24E2;-4.5E1
Ang;-14
Acc;-5.0000004E-3;-3.4E-2;1.041
Gyr;-1.09375;-7.6125E-1;-9.415
Mag;-1.53E2;-1.36E2;-4.4E1
Ang;-144
Acc;-1.5000001E-2;-2.9000001E-2;1.041
Gyr;-3.325E-1;-6.825E-1;-1.239E1
Mag;-1.26E2;-1.5E2;-4.1E1
Ang;-71
Acc;-2.2000002E-2;-1.5000001E-2;1.039
Gyr;-5.5125E-1;-1.6625E-1;-1.34925E1
Mag;-8.9E1;-1.6E2;-4.2E1
Ang;-120
Acc;-2.9000001E-2;-2.7E-2;1.0400001
Gyr;-2.3625E-1;1.05000004E-1;-1.32475E1
Mag;-4.2E1;-1.6E2;-4.3E1
Ang;-293
Acc;-1.2E-2;-9.000001E-3;1.056
Gyr;-6.475E-1;4.6375E-1;-1.917125E1
Mag;1.1E1;-1.48E2;-4.4E1
Ang;-251
Acc;-2.6E-2;-4.0000003E-2;1.0380001
Gyr;-3.5E-2;-5.6E-1;1.1025
Mag;4.9E1;-1.24E2;-4.4E1
Ang;-45
Acc;-1.7E-2;-2.9000001E-2;1.0400001
Gyr;-1.75E-1;-5.3375E-1;-7.875E-2
Mag;4.8E1;-1.22E2;-4.4E1
Ang;-47
Acc;-2.5E-2;-6.3E-2;1.088
Gyr;8.6625E-1;-3.7625E-1;-2.26625
Mag;6.3E1;-1.32E2;-4.9E1
Ang;-124
Acc;1.3E-2;-4.2000003E-2;1.0730001
Gyr;-2.4675;1.81125;-2.1
Mag;7.6E1;-1.32E2;-6.4E1
Ang;-223
Acc;-3.6000002E-2;-6.7E-2;1.0020001
Gyr;1.07625;1.155;-3.17625
Mag;6E1;-1.67E2;-3.1E1
Ang;-326
Acc;-4E-3;-5E-2;1.042
Gyr;-1.95125;-7.7E-1;-1.67125
Mag;3.7E1;-1.89E2;-7.5E1
Ang;-89
Acc;-5.7000004E-2;-2.9000001E-2;1.1320001
Gyr;-2.49375;1.09375;-3.6225
Mag;9;-1.85E2;-8.4E1
Ang;-215
Acc;1.8000001E-2;-4.2000003E-2;1.0300001
Gyr;-5.075E-1;9.625E-2;-1.93375
Mag;3;-1.75E2;-9.7E1
Ang;-330
Acc;-1.1000001E-2;-3.8000003E-2;1.072
Gyr;-3.54375;-2.2575;-2.4325001
Mag;3.4E1;-1.6E2;-8.7E1
Ang;-75
Acc;1.9000001E-2;-4.3E-2;1.028
Gyr;5.27625;-6.9125E-1;-2.82625
Mag;6.3E1;-1.52E2;-8.7E1
Ang;-167
Acc;-3.9E-2;-4.9000002E-2;9.1700006E-1
Gyr;6.9125E-1;3.0625E-1;-7.2625E-1
Mag;1.27E2;-1.17E2;-5.5E1
Ang;-243
Acc;-1.65E-1;-3.0000001E-2;1.054
Gyr;-5.76625;-1.246875E1;-2.19625
Mag;1.76E2;-1.75E2;-4.3E1
Ang;-302
Acc;-9.200001E-2;2.5E-2;1.019
Gyr;1.995;2.3275;-9.1E-1
Mag;1.72E2;-1.47E2;-1.2E2
Ang;-133
Acc;-7.4E-2;-2.5E-2;1.0370001
Gyr;3.045;-2.8875;-4.6375E-1
Mag;1.35E2;-9.1E1;-1.35E2
Ang;-142
Acc;-6.0000002E-2;-5.9000004E-2;1.1110001
Gyr;1.26875;-1.8987501;-9.625E-2
Mag;1.27E2;-8.6E1;-1.1E2
Ang;-157
Acc;-1.7E-2;2E-3;1.123
Gyr;-7.875E-1;-4.6375E-1;-2.8E-1
Mag;1.38E2;-1.08E2;-1.17E2
Ang;-168
Acc;-5.3000003E-2;-6.1000004E-2;1.0040001
Gyr;3.15E-1;-2.5375E-1;9.45E-1
Mag;1.59E2;-9.4E1;-1.29E2
Ang;-178
Acc;-7.700001E-2;-3.1000001E-2;1.079
Gyr;8.75E-2;-1.75875;2.3625E-1
Mag;1.78E2;-8E1;-1.27E2
Ang;-183
Acc;-4.4000003E-2;-1E-3;1.1010001
Gyr;-1.4350001;-5.8625E-1;3.4125E-1
Mag;1.66E2;-5.9E1;-1.47E2
Ang;-185
Acc;-3.7E-2;-6.4E-2;9.61E-1
Gyr;5.46875;-1.995;1.1375E-1
Mag;1.41E2;-3;-1.54E2
Ang;-165
Acc;2.9000001E-2;-6.6E-2;1.092
Gyr;7.525E-1;5.3375E-1;-3.675E-1
Mag;1.12E2;3.3E1;-1.25E2
Ang;-132
Acc;-1.2E-2;-5.9000004E-2;9.3200004E-1
Gyr;-4.80375;-1.8725001;4.1125E-1
Mag;9.9E1;1.9E1;-1.01E2
Ang;-89
Acc;-8E-3;-1.2E-2;1.0270001
Gyr;-5.4775;-3.0275;4.8125E-1
Mag;9.1E1;9;-1.01E2
Ang;-61
Acc;-6E-3;-2E-3;9.98E-1
Gyr;3.42125;-6.0375E-1;7.7E-1
Mag;8.8E1;-1.4E1;-9.8E1
Ang;-42
Acc;-1.3E-2;-3.6000002E-2;1.0400001
Gyr;6.41375;4.9E-1;-2.275E-1
Mag;9.6E1;-1.2E1;-1.12E2
Ang;-358
Acc;-2.1000002E-2;-1.5000001E-2;1.108
Gyr;1.56625;2.33625;5.425E-1
Mag;9.8E1;-2.3E1;-9.2E1
Ang;-317
Acc;-3.6000002E-2;-5.2E-2;1.087
Gyr;-4.15625;3.7625E-1;4.9875E-1
Mag;7.4E1;-2.1E1;-9.9E1
Ang;-311
Acc;-1.3E-2;-3.4E-2;1.0200001
Gyr;-6.3175;-1.82875;4.1125E-1
Mag;4.8E1;-1.2E1;-8.5E1
Ang;-304
Acc;9.000001E-3;1.8000001E-2;1.0830001
Gyr;6.475E-1;-6.9125E-1;4.375E-1
Mag;3E1;-1.8E1;-8.2E1
Ang;-282
Acc;-2.5E-2;-3.7E-2;9.250001E-1
Gyr;-3.80625;-2.35375;1.33875
Mag;1.5E1;-1.9E1;-7.7E1
Ang;-275
Acc;-1E-3;-1.6E-2;1.013
Gyr;7.7875E-1;1.75E-1;1.8375E-1
Mag;1E1;-1E1;-8.2E1
Ang;-276
Acc;-3.4E-2;3E-3;1.197
Gyr;1.68875;-2.205;6.825E-1
Mag;2.8E1;3;-7.4E1
Ang;-261
Acc;-3.8000003E-2;-8.6E-2;1.1010001
Gyr;-4.54125;-2.275E-1;-6.5625E-1
Mag;3.4E1;1.4E1;-5.8E1
Ang;-270
Acc;-3.7E-2;-2.4E-2;9.66E-1
Gyr;-4.27;-9.1E-1;8.4000003E-1
Mag;3.3E1;2.4E1;-4.1E1
Ang;-268
Acc;-5.6E-2;-1.7E-2;1.0250001
Gyr;-7.56875;-2.02125;-1.05
Mag;3.9E1;3.8E1;-3.3E1
Ang;-301
Acc;-2.3000002E-2;-7.9E-2;9.8200005E-1
Gyr;1.47875;-1.365;7E-1
Mag;6.4E1;4.3E1;-1E1
Ang;-316
Acc;-7.5E-2;-3.5E-2;1.154
Gyr;-8.6625E-1;-5.1625E-1;1.925
Mag;9.7E1;2.4E1;2
Ang;-306
Acc;0;-9.200001E-2;9.2700005E-1
Gyr;-2.905;3.49125;9.45E-1
Mag;1.17E2;8;4
Ang;-305
Acc;-2.0000001E-2;-8.9E-2;1.0220001
Gyr;2.24875;2.275E-1;1.05000004E-1
Mag;1.54E2;-1.6E1;-3
Ang;-295
Acc;-2.1000002E-2;-5.3000003E-2;1.023
Gyr;3.61375;-1.995;-3.4125E-1
Mag;1.82E2;-3.4E1;1
Ang;-296
Acc;-1.1000001E-2;-6.6E-2;9.8100007E-1
Gyr;1.26875;-1.42625;5.95E-1
Mag;1.57E2;-6.3E1;5
Ang;-291
Acc;-2.2000002E-2;-6.8E-2;9.850001E-1
Gyr;-4.725E-1;3.9375E-1;-2.625E-1
Mag;1.13E2;-9.5E1;1E1
Ang;-303
Acc;-4.2000003E-2;-3.1000001E-2;1.0350001
Gyr;8.925E-1;-9.1875E-1;3.5E-1
Mag;9.7E1;-1.35E2;-2.9E1
Ang;-302
Acc;1E-3;-3.3E-2;9.7700006E-1
Gyr;-2.625;-5.25E-1;-9.8E-1
Mag;9E1;-1.27E2;-7.4E1
Ang;-311
Acc;-2E-3;-5E-2;1.0400001
Gyr;-2.16125;-1.0325;2.1000001E-1
Mag;8.4E1;-1.18E2;-7.8E1
Ang;-313
Acc;-5.8000002E-2;-1.8000001E-2;1.146
Gyr;7.98875;1.2425;-2.8875E-1
Mag;9.2E1;-1.39E2;-6.8E1
Ang;-287
Acc;-3.0000001E-2;-6.3E-2;9.01E-1
Gyr;1.4E-1;-1.925E-1;2.8E-1
Mag;9.8E1;-1.62E2;-8.7E1
Ang;-291
Acc;-5.8000002E-2;4E-3;1.046
Gyr;1.19;-7.4375E-1;-1.4E-1
Mag;1.11E2;-1.42E2;-8.3E1
Ang;-301
Acc;-3.7E-2;-7.1E-2;1.044
Gyr;6.6150002;-1.2775;-4.025E-1
Mag;9.5E1;-1.35E2;-6E1
Ang;-315
Acc;-5.6E-2;-4.0000003E-2;1.0990001
Gyr;7.11375;2.765;4.6375E-1
Mag;7.1E1;-1.23E2;-4E1
Ang;-329
Acc;1E-3;-2.6E-2;1.0890001
Gyr;2.93125;-1.07625;-8.75E-3
Mag;5.8E1;-1.49E2;-3.9E1
Ang;-337
Acc;-9.000001E-3;-2.5E-2;9.5300007E-1
Gyr;3.7625;-4.55E-1;3.2375E-1
Mag;4.3E1;-1.43E2;-6.8E1
Ang;-326
Acc;-3.2E-2;-8.400001E-2;8.6300004E-1
Gyr;5.25875;-3.9375E-1;-1.0325
Mag;2E1;-1.31E2;-7E1
Ang;-311
Acc;-1.4E-2;-2.2000002E-2;1.052
Gyr;-1.6625;2.1175;-2.7125E-1
Mag;1;-1.27E2;-6.9E1
Ang;-320
Acc;-2.5E-2;-3.1000001E-2;1.077
Gyr;-3.99;-3.0625E-1;3.85E-1
Mag;4;-1.44E2;-7.8E1
Ang;-325
Acc;8E-3;6.5000005E-2;1.1220001
Gyr;-8.05875;-1.085;1.0675
Mag;8;-1.47E2;-1.11E2
Ang;-318
Acc;-3.1000001E-2;-3.8000003E-2;9.7800004E-1
Gyr;-8.75E-1;8.75E-3;-1.1375
Mag;8;-1.37E2;-1.11E2
Ang;-309
Acc;4E-3;-7.8E-2;1.0370001
Gyr;3.7975001;4.6375E-1;7.35E-1
Mag;1;-1.49E2;-1.15E2
Ang;-334
Acc;-2.2000002E-2;-8.5E-2;1.031
Gyr;-2.275;-6.475;-1.75E-1
Mag;1.5E1;-1.35E2;-1.1E2
Ang;-330
Acc;2E-3;0;1.08
Gyr;-1.925;-8.75E-1;-2.7125E-1
Mag;3.9E1;-1.35E2;-9.6E1
Ang;-339
Acc;-6.1000004E-2;-3.1000001E-2;9.9500006E-1
Gyr;3.43875;-1.93375;3.4125E-1
Mag;7.2E1;-1.32E2;-1.12E2
Ang;-324
Acc;1.0000001E-2;-6.5000005E-2;1.105
Gyr;2.47625;4.725E-1;3.9375E-1
Mag;9.7E1;-1.17E2;-1.15E2
Ang;-319
Acc;2.2000002E-2;-1.8000001E-2;9.1400003E-1
Gyr;-3.535;3.7625E-1;-4.1125E-1
Mag;1.06E2;-1.23E2;-1.1E2
Ang;-325
Acc;-1.2E-2;1.1000001E-2;1.1040001
Gyr;-4.24375;7E-2;-3.0625E-1
Mag;9.9E1;-1.17E2;-1.16E2
Ang;-333
Acc;-4.0000003E-2;-9.000001E-3;1.019
Gyr;-4.29625;-2.5725;-2.8875E-1
Mag;9E1;-1.05E2;-1.13E2
Ang;-347
Acc;7E-3;-1.7E-2;1.0480001
Gyr;-4.78625;2.6250001E-2;6.3E-1
Mag;7.1E1;-1.09E2;-9.9E1
Ang;-351
Acc;-2.2000002E-2;-5E-2;9.3200004E-1
Gyr;6.5625E-1;1.2425;1.11125
Mag;7.1E1;-1.09E2;-1.03E2
Ang;-11
Acc;-2E-3;-6.7E-2;9.8700005E-1
Gyr;1.2775;-2.3625E-1;-7.7875E-1
Mag;7.2E1;-9.8E1;-8.7E1
Ang;-11
Acc;-1.9000001E-2;-2.7E-2;1.077
Gyr;4.235;-8.75E-3;8.6625E-1
Mag;6.2E1;-1.1E2;-9.2E1
Ang;-13
Acc;-1.8000001E-2;-1.0000001E-2;9.5800006E-1
Gyr;9.625E-1;5.6875E-1;-3.675E-1
Mag;5.1E1;-9.2E1;-1.04E2
Ang;-14
Acc;-7.700001E-2;-6.8E-2;1.075
Gyr;1.04125;-4.8125E-1;-1.2425
Mag;6.6E1;-7.4E1;-8.5E1
Ang;-43
Acc;2.1000002E-2;-1.1100001E-1;1.075
Gyr;5.38125;-1.75875;-9.975E-1
Mag;7.4E1;-7.9E1;-6.9E1
Ang;-49
Acc;-2.3000002E-2;-2.5E-2;1.0610001
Gyr;-4.165;-2.205;5.95E-1
Mag;6.2E1;-8.2E1;-6.2E1
Ang;-10
Acc;-3.2E-2;-5.1000003E-2;1.0300001
Gyr;1.75;-3.85E-1;-6.3875E-1
Mag;5E1;-6.6E1;-4.9E1
Ang;-11
Acc;-7E-2;-2.6E-2;9.6700007E-1
Gyr;-1.3825;2.5375E-1;8.75E-3
Mag;4.1E1;-6.9E1;-5.4E1
Ang;-4
Acc;2.0000001E-2;-2.8E-2;1.118
Gyr;2.02125;-1.3125;7.0875E-1
Mag;2.9E1;-6.1E1;-7.8E1
Ang;-330
Acc;-2E-3;-1.09000005E-1;1.0040001
Gyr;-1.3475;4.375E-1;-2.3625E-1
Mag;2.8E1;-5.6E1;-9.2E1
Ang;-312
Acc;-3.7E-2;-5.8000002E-2;1
Gyr;-2.3625;-1.26875;5.775E-1
Mag;1.8E1;-6.3E1;-9E1
Ang;-273
Acc;-2.5E-2;-3.3E-2;1.1500001
Gyr;-1.3825;-7.875E-1;6.825E-1
Mag;8;-8.3E1;-9E1
Ang;-269
Acc;-3E-3;-3E-3;1.065
Gyr;-2.19625;-1.61875;-1.75E-2
Mag;4;-9.8E1;-9.8E1
Ang;-274
Acc;-2.5E-2;-3.5E-2;1.0400001
Gyr;1.8375E-1;-1.18125;-1.76575E1
Mag;2E1;-9.6E1;-1.04E2
Ang;-176
Acc;-1.3E-2;-1.1000001E-2;1.047
Gyr;-8.575E-1;-1.39125;-2.13675E1
Mag;5.2E1;-5.5E1;-1.09E2
Ang;-12
Acc;-1.7E-2;2E-3;1.0300001
Gyr;-1.07625;-3.15E-1;-1.84625
Mag;6.6E1;-1.7E1;-1.11E2
Ang;-150
Acc;-1.9000001E-2;-1.8000001E-2;1.041
Gyr;-8.75E-2;-3.2375E-1;-5.57375
Mag;6.9E1;-9;-1.13E2
Ang;-3
Acc;-1.7E-2;-1.7E-2;1.039
Gyr;-2.7125E-1;-1.575E-1;-6.55375
Mag;7E1;5;-1.15E2
Ang;-12
Acc;-3.0000001E-2;-1.4E-2;1.0450001
Gyr;7.1750003E-1;-3.0625E-1;1.294125E1
Mag;6.7E1;2E1;-1.12E2
Ang;-258
Acc;-2.3000002E-2;-1.4E-2;1.047
Gyr;1.26;-5.6875E-1;1.4525E1
Mag;6.5E1;-1.3E1;-1.1E2
Ang;-245
Acc;-1.9000001E-2;-2.2000002E-2;1.0380001
Gyr;2.275E-1;2.3625E-1;1.81125E1
Mag;5.4E1;-4.9E1;-1.08E2
Ang;-115
Acc;-8E-3;-1.5000001E-2;1.041
Gyr;-4.2875E-1;-7.35E-1;-8.715
Mag;3.8E1;-8E1;-1.09E2
Ang;-62
Acc;-1.8000001E-2;-1.8000001E-2;1.0480001
Gyr;1.1375E-1;-4.2000002E-1;-5.55625
Mag;4.8E1;-6.8E1;-1.11E2
Ang;-35
Acc;-1.2E-2;-2.8E-2;1.0370001
Gyr;-5.6875E-1;-2.5375E-1;-1.575E-1
Mag;5.4E1;-6.2E1;-1.1E2
Ang;-260
Acc;-1.5000001E-2;-2.2000002E-2;1.036
Gyr;-7E-1;-4.2875E-1;-5.13625
Mag;5.8E1;-5.5E1;-1.12E2
Ang;-357
Acc;-1.7E-2;-1.6E-2;1.0350001
Gyr;-1.575E-1;-5.5125E-1;-7.315
Mag;6.1E1;-4.1E1;-1.12E2
Ang;-341
Acc;-1.6E-2;-2.2000002E-2;1.039
Gyr;-7.2625E-1;-1.05875;-9.905
Mag;6.9E1;-2.2E1;-1.15E2
Ang;-116
Acc;-1.8000001E-2;-3.4E-2;1.0350001
Gyr;2.1000001E-1;-4.9875E-1;-1.00975E1
Mag;7E1;2;-1.13E2
Ang;-335
Acc;-2.1000002E-2;-1.4E-2;1.0480001
Gyr;-4.6375E-1;-7.875E-2;-1.49800005E1
Mag;7E1;3.9E1;-1.17E2
Ang;-343
Acc;-1.1000001E-2;-3.0000001E-2;1.034
Gyr;-2.45E-1;-2.1000001E-1;-1.623125E1
Mag;5.8E1;6.7E1;-1.17E2
Ang;-42
Acc;-1.0000001E-2;-1.01E-1;1.018
Gyr;-1.8375E-1;-7.7875E-1;-8.8725
Mag;3.6E1;1E2;-1.18E2
Ang;-201
Acc;-1.6E-2;-4.0000003E-2;1.044
Gyr;-8.8375E-1;-7.0875E-1;9.68625
Mag;4.2E1;9.1E1;-1.17E2
Ang;-240
Acc;-2.3000002E-2;-1.9000001E-2;1.028
Gyr;5.775E-1;-1.2775;1.54875E1
Mag;6E1;6.4E1;-1.17E2
Ang;-250
Acc;-4.5E-2;-5.6E-2;1.036
Gyr;1.785;-1.3475;4.003125E1
Mag;7.1E1;2.1E1;-1.16E2
Ang;-31
Acc;7E-3;-2.5E-2;1.0580001
Gyr;2.065;1.8375E-1;3.8395E1
Mag;4.5E1;-6.7E1;-1.1E2
Ang;-29
Acc;-1.0000001E-2;-3.0000001E-2;1.029
Gyr;4.025E-1;-3.5E-1;4.216625E1
Mag;-3.7E1;-1.25E2;-1E2
Ang;-206
Acc;-1.4E-2;-3.4E-2;1.033
Gyr;1.37375;-1.96875;4.235875E1
Mag;-1.41E2;-1.16E2;-1E2
Ang;-332
Acc;1.2E-2;-2.4E-2;1.016
Gyr;1.645;3.2375E-1;4.368E1
Mag;-2.13E2;-4.8E1;-9.8E1
Ang;-18
Acc;-3.3E-2;-5.5000003E-2;1.0480001
Gyr;-7.875E-2;-3.33375;4.63925E1
Mag;-2.22E2;4.3E1;-1.06E2
Ang;-175
Acc;-3.7E-2;-5.4E-2;1.0580001
Gyr;4.4625E-1;-9.5375E-1;4.711E1
Mag;-1.56E2;1.33E2;-1.13E2
Ang;-283
Acc;-3.2E-2;-2.9000001E-2;1.0300001
Gyr;-1.925E-1;-2.10875;4.804625E1
Mag;-3.5E1;1.48E2;-1.17E2
Ang;-55
Acc;-4E-3;-5.0000004E-3;1.046
Gyr;-4.375E-2;-2.80875;5.061E1
Mag;6E1;6.4E1;-1.15E2
Ang;176
Acc;-1.8000001E-2;-2.8E-2;1.0320001
Gyr;3.5E-2;-1.02375;1.147125E1
Mag;7E1;3.6E1;-1.16E2
Ang;133
Acc;-2.1000002E-2;-3.7E-2;1.0370001
Gyr;3.7625E-1;-1.2425;1.4385E1
Mag;6.9E1;0;-1.12E2
Ang;213
Acc;-3.2E-2;1.5000001E-2;1.069
Gyr;2.5375;-7.525E-1;9.9225
Mag;6.2E1;-4E1;-1.15E2
Ang;84
Acc;-1.3E-2;-1.4E-2;1.0380001
Gyr;7.2625E-1;-5.5125E-1;1.33525E1
Mag;5.2E1;-6.3E1;-1.11E2
Ang;5
Acc;-4.3E-2;-3.6000002E-2;1.019
Gyr;9.8E-1;-2.24;1.175125E1
Mag;3.2E1;-9.3E1;-1.1E2
Ang;81
Acc;-1E-3;-2.4E-2;1.0370001
Gyr;-6.475E-1;-8.05E-1;1.44725E1
Mag;1;-1.18E2;-1.09E2
Ang;232
Acc;-2.0000001E-2;-3.3E-2;1.0430001
Gyr;5.1625E-1;-1.2425;1.9285E1
Mag;-4.2E1;-1.33E2;-1.08E2
Ang;142
Acc;-1.9000001E-2;7.1E-2;1.0610001
Gyr;-3.5E-2;-1.225;2.034375E1
Mag;-9.7E1;-1.37E2;-1.02E2
Ang;198
Acc;-8E-3;-3.1000001E-2;1.034
Gyr;-3.9375E-1;-5.3375E-1;1.127875E1
Mag;-1.39E2;-1.28E2;-1.01E2
Ang;11
Acc;-2.4E-2;-1.5000001E-2;1.0320001
Gyr;-4.55E-1;-1.1025;1.806E1
Mag;-1.66E2;-1.14E2;-1E2
Ang;328
Acc;-4E-3;-3.3E-2;1.0300001
Gyr;8.75E-3;-5.8625E-1;1.446375E1
Mag;-1.97E2;-8.7E1;-1E2
Ang;75
Acc;-4E-3;-2.9000001E-2;1.0380001
Gyr;-9.3625003E-1;2.0125E-1;1.64325E1
Mag;-2.16E2;-5.9E1;-1E2
Ang;192
Acc;-9.000001E-3;-5E-2;1.044
Gyr;2.625E-1;-3.4125E-1;1.752625E1
Mag;-2.32E2;-1.6E1;-1.02E2
Ang;205
Acc;-8E-3;-2.8E-2;1.0400001
Gyr;3.9375E-1;-1.05;2.564625E1
Mag;-2.28E2;4.3E1;-1.02E2
Ang;180
Acc;-1.6E-2;-5.1000003E-2;1.0350001
Gyr;-1.02375;-7.7E-1;8.4875E-1
Mag;-2.1E2;8.5E1;-1.08E2
Ang;178
Acc;-2.1000002E-2;-4.0000003E-2;1.0400001
Gyr;-4.55E-1;-4.55E-1;-2.45E-1
Mag;-2.08E2;8.3E1;-1.08E2
Ang;175
Acc;-2E-3;-1.35E-1;1.041
Gyr;-1.07625;-3.2375E-1;2.30125
Mag;-2.08E2;8.7E1;-1.07E2
Ang;199
Acc;1.2E-2;-2.8E-2;1
Gyr;-1.56625;-6.0375E-1;8.75E-3
Mag;-1.91E2;8.6E1;-9.4E1
Ang;314
Acc;-1.1000001E-2;-1.9000001E-2;1.064
Gyr;3.8675;2.0125E-1;2.3625
Mag;-1.84E2;6.6E1;-8.3E1
Ang;130
Acc;1.2E-2;-3.6000002E-2;9.8700005E-1
Gyr;8.75E-1;-1.365;7.35E-1
Mag;-1.93E2;5.1E1;-8.3E1
Ang;242
Acc;-8E-3;4.6000004E-2;1.014
Gyr;-1.67125;-2.33625;-1.4E-1
Mag;-2.01E2;5.5E1;-7.4E1
Ang;347
Acc;1.7E-2;-5.3000003E-2;9.8800004E-1
Gyr;-7.2625E-1;-1.70625;1.925
Mag;-2.19E2;6E1;-6.3E1
Ang;62
Acc;-4E-3;-2.4E-2;1.1060001
Gyr;8.75E-3;-5.6E-1;2.33625
Mag;-2.44E2;6.3E1;-4.1E1
Ang;143
Acc;4E-3;-5.9000004E-2;1.005
Gyr;-1.925;-9.975E-1;6.125E-1
Mag;-2.6E2;7.1E1;-4.1E1
Ang;201
Acc;-4.2000003E-2;-7.8E-2;8.8600004E-1
Gyr;9.975E-1;8.1375E-1;1.365
Mag;-2.61E2;8.6E1;-5.6E1
Ang;261
Acc;-3.2E-2;1.2E-2;1.131
Gyr;-2.94;5.5125E-1;1.89
Mag;-2.51E2;1E2;-6.2E1
Ang;338
Acc;-5E-2;-5.5000003E-2;1.0860001
Gyr;7.6125E-1;-1.6625E-1;1.015
Mag;-2.33E2;1E2;-7.9E1
Ang;19
Acc;-5.5000003E-2;-1.1400001E-1;9.110001E-1
Gyr;5.25875;1.09375;1.44375
Mag;-2.19E2;1.13E2;-8.9E1
Ang;40
Acc;-3.8000003E-2;-1.0700001E-1;8.9400005E-1
Gyr;8.05E-1;-1.12875;1.02375
Mag;-2.39E2;1.17E2;-8.3E1
Ang;50
Acc;-4.8E-2;-2.4E-2;1.107
Gyr;3.0625;-1.23375;2.975E-1
Mag;-2.53E2;1.19E2;-8.2E1
Ang;68
Acc;-3.8000003E-2;-2.6E-2;1.092
Gyr;2.59875;-7.35E-1;-1.225E-1
Mag;-2.41E2;1.31E2;-9.1E1
Ang;86
Acc;9.000001E-3;-4.5E-2;9.6500003E-1
Gyr;-2.24;-4.025E-1;-8.225E-1
Mag;-2.3E2;1.29E2;-8.2E1
Ang;72
Acc;-4E-3;-3.0000001E-2;1.0220001
Gyr;-2.37125;-4.375E-1;-2.275E-1
Mag;-2.44E2;1.19E2;-9.9E1
Ang;47
Acc;-2.1000002E-2;-5.8000002E-2;1.041
Gyr;9.625E-2;-4.45375;-7.35E-1
Mag;-2.54E2;1.35E2;-1.08E2
Ang;20
Acc;3E-3;3E-3;1.0220001
Gyr;-1.40875;-8.225E-1;3.675E-1
Mag;-2.59E2;1.43E2;-1.06E2
Ang;353
Acc;-5E-2;-5.9000004E-2;9.9600005E-1
Gyr;-5.145;-6.475E-1;-2.6250001E-2
Mag;-2.58E2;1.39E2;-1.1E2
Ang;332
Acc;-2.9000001E-2;-6.2000003E-2;8.97E-1
Gyr;4.2875;-1.4E-1;-1.4175
Mag;-2.4E2;1.49E2;-1.11E2
Ang;286
Acc;-1.4E-2;-6.6E-2;1.0300001
Gyr;-5.5125E-1;4.9E-1;7.875E-2
Mag;-2.11E2;1.63E2;-9.7E1
Ang;275
Acc;4E-3;-3.8000003E-2;9.66E-1
Gyr;-1.6537501;1.4875E-1;4.025E-1
Mag;-1.78E2;1.55E2;-9.8E1
Ang;265
Acc;-4.2000003E-2;-5.0000004E-3;1.0500001
Gyr;2.16125;-8.1375E-1;-4.6375E-1
Mag;-1.59E2;1.62E2;-1.1E2
Ang;239
Acc;-4.3E-2;-7E-3;9.2100006E-1
Gyr;-1.44375;-7.7875E-1;-1.25125
Mag;-1.54E2;1.57E2;-1.08E2
Ang;227
Acc;1E-3;-3.0000001E-2;1.062
Gyr;2.975E-1;-1.82;1.12875
Mag;-1.52E2;1.56E2;-1.13E2
Ang;209
Acc;-4E-3;-6.4E-2;9.8100007E-1
Gyr;-1.75E-2;2.45E-1;4.375E-1
Mag;-1.52E2;1.59E2;-8.7E1
Ang;211
Acc;-3.5E-2;-4.0000003E-2;1.044
Gyr;5.2500002E-2;-1.4175;1.3125E-1
Mag;-1.57E2;1.44E2;-6.4E1
Ang;212
Acc;-3.5E-2;-1.2E-2;1.1040001
Gyr;-9.625E-2;-1.53125;9.45E-1
Mag;-1.67E2;1.4E2;-6.8E1
Ang;227
Acc;1.3E-2;-4.4000003E-2;9.1600007E-1
Gyr;-5.4425;2.065;7.35E-1
Mag;-1.91E2;1.47E2;-7E1
Ang;220
Acc;-1.5000001E-2;-9.000001E-3;1.057
Gyr;-5.0837502;-1.04125;1.75E-1
Mag;-2.07E2;1.59E2;-4.9E1
Ang;225
Acc;-4.7000002E-2;-2.4E-2;1.177
Gyr;-1.6625;-1.8725001;6.125E-2
Mag;-2.23E2;1.39E2;-2.7E1
Ang;224
Acc;-3.7E-2;-8.0000006E-2;9.3700004E-1
Gyr;5.50375;1.02375;7.0875E-1
Mag;-2.36E2;1.37E2;-5.4E1
Ang;222
Acc;5.5000003E-2;-2.6E-2;1.051
Gyr;9.1875E-1;1.26;-9.3625003E-1
Mag;-2.53E2;1.47E2;-7.9E1
Ang;206
Acc;-4.0000003E-2;-1.8000001E-2;9.4200003E-1
Gyr;-5.5125E-1;-2.16125;1.4E-1
Mag;-2.48E2;1.74E2;-9.1E1
Ang;204
Acc;-4.7000002E-2;-4.7000002E-2;1.059
Gyr;1.14625;5.3375E-1;1.225E-1
Mag;-2.37E2;1.67E2;-6.2E1
Ang;192
Acc;1.9000001E-2;4.3E-2;1.077
Gyr;-6.9125E-1;-7.7E-1;-7.4375E-1
Mag;-2.19E2;1.36E2;-6.9E1
Ang;188
Acc;-2.2000002E-2;-1.0300001E-1;1.0430001
Gyr;-1.35625;2.275E-1;-8.6625E-1
Mag;-2.12E2;1.35E2;-6.8E1
Ang;209
Acc;-2.0000001E-2;-5.9000004E-2;1.052
Gyr;-5.6E-1;-1.715;4.6375E-1
Mag;-2.25E2;1.43E2;-3E1
Ang;217
Acc;-4.7000002E-2;2E-3;9.9300003E-1
Gyr;-2.3625;1.81125;-5.6E-1
Mag;-2.47E2;1.15E2;2.2E1
Ang;215
Acc;-9.000001E-3;-2.8E-2;1.2010001
Gyr;-7.88375;-1.82875;-9.625E-2
Mag;-2.83E2;7.1E1;2.2E1
Ang;206
Acc;-2.7E-2;-3.2E-2;1.0680001
Gyr;-3.325E-1;-1.91625;-4.55E-1
Mag;-3.13E2;5.1E1;1E1
Ang;185
Acc;-3.8000003E-2;-6.2000003E-2;1.0530001
Gyr;3.5525;8.225E-1;-1.225E-1
Mag;-3.03E2;3.5E1;1E1
Ang;165
Acc;-5.0000004E-3;-6E-3;1.0890001
Gyr;2.8875;-7.35E-1;-4.375E-1
Mag;-2.71E2;1.3E1;2.3E1
Ang;147
Acc;-5.5000003E-2;-5.4E-2;1.013
Gyr;-3.675E-1;1.04125;7.35E-1
Mag;-2.47E2;-5;1.6E1
Ang;130
Acc;-5.7000004E-2;6.5000005E-2;1.016
Gyr;8.225E-1;-3.5175;-7.35E-1
Mag;-2.25E2;-2.4E1;1E1
Ang;131
Acc;-1.7E-2;-1.9000001E-2;9.3700004E-1
Gyr;-1.70625;-6.825E-1;-7.875E-2
Mag;-1.99E2;-2.8E1;-1.2E1
Ang;133
Acc;-2.1000002E-2;-3.1000001E-2;1.016
Gyr;-2.45875;-1.58375;-3.85E-1
Mag;-1.94E2;-1.3E1;-2.1E1
Ang;129
Acc;-1.5000001E-2;-7.6000005E-2;9.43E-1
Gyr;-9.7125E-1;2.17;1.1375E-1
Mag;-1.93E2;-7;-4E1
Ang;131
Acc;-1.3E-2;-5.8000002E-2;9.2300004E-1
Gyr;3.0625;-1.6625E-1;5.2500002E-2
Mag;-1.9E2;9;-5.6E1
Ang;125
Acc;-3.4E-2;-4.0000003E-2;1.0580001
Gyr;4.235;2.0475;9.975E-1
Mag;-1.73E2;2.1E1;-6.3E1
Ang;128
Acc;-1.0000001E-2;-5.7000004E-2;1.0660001
Gyr;-8.3125E-1;1.575E-1;5.5125E-1
Mag;-1.74E2;2.9E1;-6.2E1
Ang;121
Acc;4E-3;3.1000001E-2;1.1750001
Gyr;-1.19;2.45E-1;-1.05000004E-1
Mag;-1.88E2;2.7E1;-6.7E1
Ang;122
Acc;-1.4E-2;-1.9000001E-2;1.0630001
Gyr;-4.27875;7.35E-1;7.525E-1
Mag;-2.09E2;2.6E1;-6.5E1
Ang;129
Acc;1.3E-2;-6.3E-2;1.1110001
Gyr;6.65;6.65E-1;8.4000003E-1
Mag;-2.26E2;2.8E1;-8.3E1
Ang;142
Acc;-3.6000002E-2;-7.5E-2;1.0730001
Gyr;6.34375;1.225E-1;-3.7625E-1
Mag;-2.49E2;4.1E1;-8.4E1
Ang;132
Acc;-3.8000003E-2;5.9000004E-2;1.0600001
Gyr;-4.34875;-1.98625;-3.85E-1
Mag;-2.51E2;3.2E1;-9.8E1
Ang;128
Acc;-1.5000001E-2;-4.5E-2;1.0660001
Gyr;-7.7E-1;-1.575E-1;-2.0125E-1
Mag;-2.4E2;4.3E1;-9.2E1
Ang;151
Acc;-1E-3;-4.3E-2;9.15E-1
Gyr;-4.55;1.75E-2;-1.11125
Mag;-2.45E2;1.9E1;-8.5E1
Ang;163
Acc;-4E-3;-4.7000002E-2;1.044
Gyr;4.8125E-1;-2.1875E-1;7.6125E-1
Mag;-2.56E2;1E1;-8.7E1
Ang;163
Acc;-6.3E-2;-3.2E-2;9.8200005E-1
Gyr;-1.575;-6.65E-1;5.2500002E-2
Mag;-2.68E2;0;-1.07E2
Ang;201
Acc;-3.7E-2;-5.4E-2;1.0660001
Gyr;-4.9E-1;-1.8375E-1;5.25E-1
Mag;-2.82E2;4.3E1;-1.45E2
Ang;211
Acc;-6.2000003E-2;-6.2000003E-2;9.61E-1
Gyr;-4.7775;-1.6625E-1;1.58375
Mag;-2.98E2;1.03E2;-1.4E2
Ang;208
Acc;-1.4E-2;1.1000001E-2;9.5300007E-1
Gyr;-2.3975;5.3375E-1;-8.4000003E-1
Mag;-2.97E2;1.21E2;-1.16E2
Ang;205
Acc;-1.8000001E-2;-4.0000003E-2;1.107
Gyr;5.2500002E-2;8.8375E-1;-3.5E-2
Mag;-2.83E2;1.25E2;-1.17E2
Ang;189
Acc;-1.0000001E-2;-1.3E-2;1.039
Gyr;-3.9025;-5.8625E-1;1.4E-1
Mag;-2.62E2;1.39E2;-1.19E2
Ang;191
Acc;1.5000001E-2;-7.8E-2;1.018
Gyr;-2.7825;9.625E-2;-1.09375
Mag;-2.55E2;1.25E2;-1.11E2
Ang;178
Acc;-2.9000001E-2;-6.1000004E-2;1.042
Gyr;3.24625;-2.625E-1;6.825E-1
Mag;-2.6E2;1.34E2;-1.39E2
Ang;158
Acc;-5.2E-2;-2.3000002E-2;1.0730001
Gyr;4.2000002E-1;-7.4375E-1;1.925E-1
Mag;-2.66E2;2E2;-1.3E2
Ang;138
Acc;-6.2000003E-2;4.9000002E-2;1.0960001
Gyr;-2.00375;4.1125E-1;-2.38875
Mag;-2.63E2;1.66E2;-5.5E1
Ang;83
Acc;4.3E-2;-7E-2;9.52E-1
Gyr;7.4375E-1;-2.66;-1.91625
Mag;-2.36E2;8.2E1;-1.12E2
Ang;77
Acc;-1.3E-2;-1.5000001E-2;1.1700001
Gyr;-2.0475;9.45E-1;9.625E-1
Mag;-1.96E2;1.34E2;-1.84E2
Ang;78
Acc;1.7E-2;-3.1000001E-2;1.005
Gyr;-4.2;-1.61875;1.02375
Mag;-1.58E2;1.53E2;-1.69E2
Ang;82
Acc;-2.2000002E-2;-2.3000002E-2;1.1500001
Gyr;8.8375E-1;-1.37375;-1.09375
Mag;-1.55E2;2.07E2;-1.85E2
Ang;90
Acc;-2.3000002E-2;-2.8E-2;9.98E-1
Gyr;-3.2375;-1.61875;2.8875E-1
Mag;-1.95E2;2.38E2;-1.06E2
Ang;102
Acc;-6.3E-2;-7.1E-2;9.5100003E-1
Gyr;-1.07625;-4.375;1.575
Mag;-2.43E2;2.06E2;-2.1E1
Ang;109
Acc;4E-3;1.4E-2;1.0760001
Gyr;3.3425;-7.6125E-1;2.0125E-1
Mag;-2.75E2;1.3E2;0
Ang;111
Acc;-1.5000001E-2;-1.2E-2;1.0550001
Gyr;1.86375;-9.625E-2;9.625E-2
Mag;-2.76E2;1.01E2;-1.4E1
Ang;114
Acc;-3.5E-2;-1.9000001E-2;1.046
Gyr;-2.975E-1;-3.4125E-1;-6.3875E-1
Mag;-2.54E2;8.1E1;-3.6E1
Ang;113
Acc;1.4E-2;-1.9000001E-2;1.049
Gyr;-1.785;-1.4875E-1;-5.425E-1
Mag;-2.35E2;7.2E1;-6.4E1
Ang;109
Acc;-1.6E-2;-2.8E-2;1.039
Gyr;-6.7375E-1;-3.7625E-1;3.77125
Mag;-2.33E2;7.4E1;-6.9E1
Ang;180
Acc;-1.8000001E-2;-3.7E-2;1.041
Gyr;-6.5625E-1;-4.725E-1;3.82375
Mag;-2.29E2;8.7E1;-6.7E1
Ang;111
Acc;-1.9000001E-2;-2.8E-2;1.033
Gyr;-8.1375E-1;-1.40875;6.965
Mag;-2.19E2;1.03E2;-6.9E1
Ang;128
Acc;-2.1000002E-2;-3.3E-2;1.0400001
Gyr;8.6625E-1;-1.12875;9.2575
Mag;-2.04E2;1.21E2;-6.4E1
Ang;278
Acc;-2.1000002E-2;-2.8E-2;1.0350001
Gyr;3.15E-1;-3.5875002E-1;1.1095E1
Mag;-1.81E2;1.39E2;-6.3E1
Ang;129
Acc;-3E-3;-2.1000002E-2;1.0350001
Gyr;-5.425E-1;-4.4625E-1;1.211E1
Mag;-1.54E2;1.58E2;-6E1
Ang;38
Acc;-4.4000003E-2;-3.0000001E-2;1.042
Gyr;2.3625E-1;-1.925E-1;1.946875E1
Mag;-1.09E2;1.71E2;-6.1E1
Ang;167
Acc;1E-3;-4.2000003E-2;1.0350001
Gyr;7.4375E-1;-1.56625;1.973125E1
Mag;-4.5E1;1.72E2;-5.6E1
Ang;275
Acc;-3.1000001E-2;-4.2000003E-2;1.0320001
Gyr;5.25E-1;3.2375E-1;2.774625E1
Mag;2.7E1;1.45E2;-5.3E1
Ang;151
Acc;-2.1000002E-2;-3.5E-2;1.0320001
Gyr;-6.2125E-1;-3.15E-1;2.45E-1
Mag;7.5E1;9.9E1;-5.6E1
Ang;250
Acc;-2.4E-2;-3.5E-2;1.042
Gyr;-1.1375E-1;-7.9625E-1;4.40125
Mag;7.8E1;9.2E1;-5.3E1
Ang;12
Acc;-1.3E-2;-2.0000001E-2;1.0370001
Gyr;-3.5E-2;-1.05000004E-1;7.28
Mag;8.3E1;7.6E1;-5.2E1
Ang;325
Acc;-3.2E-2;-3.2E-2;1.0480001
Gyr;5.25E-1;-9.1E-1;8.4175005
Mag;9.3E1;5.5E1;-5E1
Ang;37
Acc;-2.9000001E-2;-2.7E-2;1.0530001
Gyr;5.075E-1;-6.7375E-1;1.113875E1
Mag;9.7E1;2.5E1;-5E1
Ang;193
Acc;-9.000001E-3;-2.1000002E-2;1.0320001
Gyr;-1.75E-1;-9.3625003E-1;1.28275E1
Mag;9.6E1;-6;-5.1E1
Ang;82
Acc;-1.7E-2;-3.2E-2;1.044
Gyr;-2.7125E-1;-6.3875E-1;-1.4E-1
Mag;9.1E1;-4.1E1;-5E1
Ang;348
Acc;-2.2000002E-2;-3.5E-2;1.0370001
Gyr;-6.825E-1;-5.6E-1;1.925E-1
Mag;8.9E1;-4E1;-5.1E1
Ang;344
Acc;2E-3;-4.2000003E-2;9.33E-1
Gyr;3.15E-1;-1.37375;1.56625
Mag;1.16E2;-4.9E1;-4.5E1
Ang;51
Acc;-3.9E-2;-4.1E-2;1.044
Gyr;3.9375;-1.05000004E-1;3.8675
Mag;1.38E2;-7.2E1;-2.5E1
Ang;210
Acc;-3E-3;3E-3;1.171
Gyr;-1.4;-1.1025;7.525E-1
Mag;1.15E2;-1.55E2;-1.5E1
Ang;350
Acc;-3.3E-2;-8.800001E-2;9.5500004E-1
Gyr;9.625E-2;-2.2925;2.1525
Mag;8.2E1;-2.12E2;-8.3E1
Ang;180
Acc;-3.5E-2;-2.4E-2;1.098
Gyr;1.855;1.2425;4.06875
Mag;2.5E1;-2.19E2;-1.7E2
Ang;13
Acc;-9.000001E-3;-4.2000003E-2;1.057
Gyr;-5.3375E-1;6.3E-1;2.7125
Mag;-9;-1.56E2;-2.08E2
Ang;166
Acc;2E-3;-5.6E-2;1.0150001
Gyr;3.99;5.95E-1;1.79375
Mag;5;-1.36E2;-1.8E2
Ang;272
Acc;-5.5000003E-2;-6E-3;1.1830001
Gyr;-4.19125;-1.5575;1.88125
Mag;3.9E1;-1.07E2;-1.87E2
Ang;25
Acc;-1.9000001E-2;-1.7E-2;9.0500003E-1
Gyr;3.24625;-2.51125;7.7E-1
Mag;6.5E1;-9E1;-9.9E1
Ang;89
Acc;4E-3;-1.0000001E-2;1.08
Gyr;-6.16875;-7.74375;3.3775
Mag;8.1E1;-1.92E2;-6E1
Ang;119
Acc;-3.7E-2;-4.8E-2;1.098
Gyr;2.35375;-2.2925;-2.6250001E-2
Mag;8.8E1;-1.95E2;-1.28E2
Ang;122
Acc;-4E-3;-1.2E-2;1.059
Gyr;-3.14125;3.675E-1;-6.65E-1
Mag;9.4E1;-1.32E2;-1.41E2
Ang;72
Acc;-7.2000004E-2;-8E-3;9.4600004E-1
Gyr;-1.12;-7.525E-1;4.9875E-1
Mag;9.8E1;-1.19E2;-1.1E2
Ang;359
Acc;2.3000002E-2;-8.3000004E-2;1.0760001
Gyr;-6.125E-2;1.575E-1;-1.42625
Mag;1.13E2;-1.44E2;-1.17E2
Ang;283
Acc;2E-3;-8.400001E-2;1.0680001
Gyr;5.425E-1;-7.0875E-1;-1.82
Mag;1.49E2;-1.35E2;-1.29E2
Ang;223
Acc;-3.0000001E-2;-1.6E-2;9.7300005E-1
Gyr;-3.4125;1.9775;-1.645
Mag;1.81E2;-1.16E2;-1.31E2
Ang;160
Acc;-5E-2;-3.4E-2;1.0020001
Gyr;-4.12125;1.51375;-1.68875
Mag;1.87E2;-7.9E1;-1.44E2
Ang;61
Acc;2.7E-2;-3.4E-2;1.077
Gyr;-2.0825;-1.015;-1.6800001
Mag;1.69E2;-7;-1.42E2
Ang;307
Acc;-1.5000001E-2;-5.4E-2;1.082
Gyr;-3.3075001;3.5E-1;2.6250001E-2
Mag;1.38E2;3.8E1;-1.09E2
Ang;197
Acc;-1.5000001E-2;-6.2000003E-2;1.014
Gyr;-2.16125;7.6125E-1;6.3E-1
Mag;1.06E2;2.9E1;-9.2E1
Ang;154
Acc;-2.8E-2;-5.3000003E-2;1.1110001
Gyr;2.24;1.44375;-1.07625
Mag;8.6E1;1.8E1;-9.1E1
Ang;104
Acc;-1.5000001E-2;-3.1000001E-2;8.8600004E-1
Gyr;-2.3275;-1.18125;-1.4E-1
Mag;7.8E1;-7;-8.8E1
Ang;42
Acc;-6.7E-2;-3.8000003E-2;9.9700004E-1
Gyr;-1.295;9.7125E-1;-7.0875E-1
Mag;8.8E1;-9;-1.02E2
Ang;20
Acc;-8.9E-2;-1.5000001E-2;9.6900004E-1
Gyr;2.275;1.28625;-2.6250001E-2
Mag;9.8E1;-3;-9.3E1
Ang;20
Acc;-3.0000001E-2;-5.6E-2;9.94E-1
Gyr;-3.42125;-3.94625;6.2125E-1
Mag;7.2E1;0;-9.2E1
Ang;22
Acc;-1.4E-2;2.0000001E-2;1.079
Gyr;-2.695;-4.025;1.35625
Mag;5.3E1;3;-7.7E1
Ang;38
Acc;-1.5000001E-2;-1.5000001E-2;1.141
Gyr;-2.09125;-2.1;4.725E-1
Mag;3.1E1;-6;-7.4E1
Ang;71
Acc;1.6E-2;-3E-3;1.1860001
Gyr;-3.8325;-2.625E-1;8.8375E-1
Mag;1.7E1;-1.1E1;-7.2E1
Ang;78
Acc;-1.2E-2;-6.1000004E-2;1.046
Gyr;-5.0925;2.625E-1;1.5575
Mag;1.2E1;-1;-7.9E1
Ang;88
Acc;-4.0000003E-2;-1.4400001E-1;1.021
Gyr;-8.5225;-1.4525;3.15E-1
Mag;2.9E1;1.1E1;-7.1E1
Ang;105
Acc;-4.7000002E-2;5.0000004E-3;1.0810001
Gyr;2.07375;5.075E-1;6.9125E-1
Mag;3.4E1;2.2E1;-5.3E1
Ang;126
Acc;-5.0000004E-3;-9.900001E-2;1.1620001
Gyr;-3.24625;-1.3125E-1;1.6625E-1
Mag;3.3E1;3E1;-4.2E1
Ang;159
Acc;-2.8E-2;-7.300001E-2;1.0500001
Gyr;1.70625;-1.12;-6.2125E-1
Mag;4.5E1;4.6E1;-4E1
Ang;176
Acc;-2E-3;-3.0000001E-2;1.016
Gyr;-2.6425;-9.8875E-1;4.025E-1
Mag;7.8E1;5.6E1;-1.1E1
Ang;172
Acc;9.000001E-3;-9.1000006E-2;9.5900005E-1
Gyr;-4.1125E-1;1.6625;1.155
Mag;1.14E2;3.4E1;4
Ang;185
Acc;-7E-2;-6.0000002E-2;1.0380001
Gyr;2.765;-8.05E-1;1.09375
Mag;1.44E2;1.8E1;1
Ang;200
Acc;6E-3;-1.8000001E-2;9.4400007E-1
Gyr;-4.375E-1;3.5E-2;-7.875E-2
Mag;1.81E2;-3;-1
Ang;209
Acc;-1.8000001E-2;-2.1000002E-2;1.023
Gyr;1.56625;-1.54875;5.6E-1
Mag;2.13E2;-2.8E1;1.3E1
Ang;210
Acc;4.1E-2;-4E-3;9.990001E-1
Gyr;9.625E-1;8.3125E-1;9.7125E-1
Mag;1.91E2;-7.2E1;1.1E1
Ang;234
Acc;-3.5E-2;-6.2000003E-2;1.0150001
Gyr;-5.8625E-1;-2.4325001;7.6125E-1
Mag;1.47E2;-9.9E1;-2
Ang;245
Acc;-3.6000002E-2;-2.4E-2;1.0200001
Gyr;5.425E-1;1.1375E-1;1.02375
Mag;1.35E2;-1.31E2;-4E1
Ang;243
Acc;-1E-3;1.8000001E-2;9.84E-1
Gyr;-1.6275;8.1375E-1;6.3875E-1
Mag;1.33E2;-1.26E2;-8.3E1
Ang;250
Acc;-6E-3;-7.8E-2;1.069
Gyr;7.875E-1;-2.065;-5.075E-1
Mag;1.23E2;-1.16E2;-8.8E1
Ang;258
Acc;0;-1.5000001E-2;9.710001E-1
Gyr;3.78875;-2.66875;7.875E-2
Mag;1.16E2;-1.37E2;-7.3E1
Ang;290
Acc;-2.8E-2;-4.7000002E-2;1.054
Gyr;-6.125E-1;-1.33875;-9.1875E-1
Mag;1.15E2;-1.61E2;-8.9E1
Ang;297
Acc;1.4E-2;-2.2000002E-2;9.8800004E-1
Gyr;3.5175;-9.3625003E-1;-8.75E-1
Mag;1.19E2;-1.42E2;-7E1
Ang;282
Acc;1.3E-2;-3E-3;1.0600001
Gyr;1.07625;-1.8375E-1;1.05000004E-1
Mag;9.9E1;-1.4E2;-5.2E1
Ang;278
Acc;-4.6000004E-2;-8.0000006E-2;8.8900006E-1
Gyr;-8.3125E-1;1.7325;6.3E-1
Mag;7.1E1;-1.31E2;-3.6E1
Ang;287
Acc;0;-7.4E-2;1.0270001
Gyr;-2.02125;-1.12;-4.2000002E-1
Mag;5.6E1;-1.54E2;-4E1
Ang;294
Acc;-5.2E-2;-3E-3;1.024
Gyr;3.2375E-1;5.1625E-1;-6.125E-2
Mag;4.4E1;-1.49E2;-6.3E1
Ang;318
Acc;1.6E-2;-3.7E-2;9.7E-1
Gyr;-4.9;2.975E-1;-4.025E-1
Mag;2.1E1;-1.38E2;-7.1E1
Ang;335
Acc;5.0000004E-3;9.000001E-3;1.023
Gyr;-1.93375;1.25125;1.2162501
Mag;4;-1.3E2;-7.3E1
Ang;334
Acc;-2.7E-2;-3.4E-2;1.0270001
Gyr;-2.625E-1;-2.56375;2.6250001E-2
Mag;5;-1.43E2;-8.1E1
Ang;322
Acc;-4.7000002E-2;-8.3000004E-2;9.9200004E-1
Gyr;-5.81;-6.125E-1;-1.155
Mag;2E1;-1.42E2;-1.12E2
Ang;289
Acc;-5.2E-2;-4.0000003E-2;1.0150001
Gyr;-1.2775;-1.58375;2.8E-1
Mag;1.7E1;-1.41E2;-1.1E2
Ang;282
Acc;-5.2E-2;-7.700001E-2;1.108
Gyr;-3.9637501;-1.70625;9.275E-1
Mag;9;-1.47E2;-1.22E2
Ang;259
Acc;-1.4E-2;-7.700001E-2;1.042
Gyr;-1.225E-1;-2.45875;-7.7E-1
Mag;1.3E1;-1.3E2;-1.16E2
Ang;257
Acc;-4.0000003E-2;-4.5E-2;9.710001E-1
Gyr;8.925E-1;5.95E-1;-7.525E-1
Mag;3.5E1;-1.32E2;-1E2
Ang;256
Acc;-6E-3;-4.1E-2;1.069
Gyr;5.6175;-1.67125;2.625E-1
Mag;7.1E1;-1.29E2;-1.09E2
Ang;268
Acc;-6E-3;-4.9000002E-2;1.0630001
Gyr;3.82375;-6.5625E-1;-8.75E-2
Mag;9.8E1;-1.13E2;-1.08E2
Ang;247
Acc;-1.0000001E-2;-2.0000001E-2;9.4400007E-1
Gyr;3.21125;8.8375E-1;6.475E-1
Mag;1.04E2;-1.22E2;-1.01E2
Ang;237
Acc;-2.2000002E-2;5.4E-2;1.2770001
Gyr;-1.19;1.81125;-5.8625E-1
Mag;1.03E2;-1.19E2;-1.16E2
Ang;225
Acc;-1.1000001E-2;-1.8000001E-2;9.8600006E-1
Gyr;-1.14625;-7.4375E-1;7.525E-1
Mag;9E1;-1.07E2;-1.18E2
Ang;219
Acc;-3.0000001E-2;1.2E-2;8.8400006E-1
Gyr;-1.23375;-1.75;1.05000004E-1
Mag;6.9E1;-1.1E2;-1.06E2
Ang;219
Acc;-1.8000001E-2;3.6000002E-2;1.067
Gyr;-4.9E-1;-3.1325;-1.05000004E-1
Mag;6.4E1;-1.08E2;-1.09E2
Ang;219
Acc;-3.7E-2;3.9E-2;9.89E-1
Gyr;-4.165;-2.4325001;-5.075E-1
Mag;5.9E1;-9.9E1;-9.1E1
Ang;228
Acc;-4.5E-2;-2.6E-2;1.0270001
Gyr;3.955;-2.0125E-1;-1.4875E-1
Mag;5.4E1;-1.12E2;-9.7E1
Ang;235
Acc;-2E-3;-4.3E-2;1.1190001
Gyr;-8.4000003E-1;-1.4525;-1.295
Mag;5E1;-9.4E1;-1.11E2
Ang;230
Acc;-2.9000001E-2;-7.4E-2;9.250001E-1
Gyr;-2.695;1.8375;1.6625E-1
Mag;6.1E1;-7.3E1;-8.5E1
Ang;218
Acc;-2.0000001E-2;-4.0000003E-2;1.052
Gyr;9.8E-1;2.4325001;9.975E-1
Mag;6.9E1;-8.3E1;-6.5E1
Ang;218
Acc;-7.9E-2;-5.3000003E-2;1.031
Gyr;1.2162501;1.74125;-8.75E-3
Mag;5.5E1;-8.5E1;-6.2E1
Ang;253
Acc;-3.1000001E-2;2.1000002E-2;9.3700004E-1
Gyr;-1.9075;2.0475;-8.05E-1
Mag;3.9E1;-7E1;-5.3E1
Ang;250
Acc;9.000001E-3;-2.6E-2;9.6300006E-1
Gyr;3.675E-1;2.1875;1.575
Mag;2.9E1;-7.2E1;-5.8E1
Ang;261
Acc;4E-3;-5E-2;1.082
Gyr;2.9575;-3.08;6.2125E-1
Mag;2.7E1;-6.3E1;-8E1
Ang;293
Acc;-2.7E-2;-6E-3;1.0550001
Gyr;-3.115;-2.35375;8.4000003E-1
Mag;2.7E1;-5.7E1;-9.2E1
Ang;313
Acc;-3.0000001E-2;9.000001E-3;9.7300005E-1
Gyr;5.775E-1;-2.275E-1;-3.5E-2
Mag;1.6E1;-6.5E1;-9.3E1
Ang;0
Acc;2E-3;3.7E-2;1.001
Gyr;2.66;-2.63375;1.925E-1
Mag;9;-8.2E1;-9.3E1
Ang;2
Acc;9.000001E-3;-7E-3;1.0830001
Gyr;2.4675;-9.8875E-1;-8.05E-1
Mag;6;-9.6E1;-1E2
Ang;353
Acc;-2.2000002E-2;-2.9000001E-2;1.052
Gyr;-1.88125;1.3125E-1;-1.8375E-1
Mag;9;-1.03E2;-1.02E2
Ang;344
Acc;-2.6E-2;-1.5000001E-2;1.0430001
Gyr;2.5375E-1;-8.1375E-1;2.8875
Mag;1.5E1;-1E2;-1.04E2
Ang;141
Acc;-1.0000001E-2;-3.0000001E-2;1.036
Gyr;1.575E-1;-5.6875E-1;5.43375
Mag;7;-1.03E2;-1.03E2
Ang;350
Acc;-1.0000001E-2;-3.5E-2;1.0380001
Gyr;-2.6250001E-2;-7.6125E-1;8.25125
Mag;-7;-1.15E2;-1.02E2
Ang;20
Acc;-1.1000001E-2;-2.6E-2;1.0370001
Gyr;-2.6250001E-2;-5.1625E-1;1.250375E1
Mag;-3E1;-1.2E2;-1E2
Ang;167
Acc;-1.5000001E-2;-4.0000003E-2;1.034
Gyr;-3.0625E-1;-8.05E-1;1.04125E1
Mag;-5.5E1;-1.28E2;-9.9E1
Ang;85
Acc;2.1000002E-2;1.3E-2;1.047
Gyr;-8.1375E-1;-1.07625;1.607375E1
Mag;-8.5E1;-1.29E2;-9.7E1
Ang;24
Acc;-9.000001E-3;-3.9E-2;1.0450001
Gyr;7.875E-1;-8.4875E-1;2.2303751E1
Mag;-1.35E2;-1.17E2;-9.7E1
Ang;181
Acc;-1.3E-2;-3.5E-2;1.0400001
Gyr;4.9875E-1;-5.425E-1;2.403625E1
Mag;-1.82E2;-8.7E1;-9.7E1
Ang;50
Acc;-1.6E-2;-3.3E-2;1.0500001
Gyr;9.0125E-1;-2.8E-1;2.37125E1
Mag;-2.15E2;-4.4E1;-9.7E1
Ang;27
Acc;4E-3;-3.3E-2;1.0450001
Gyr;3.325E-1;-1.155;1.30375E1
Mag;-2.24E2;1.7E1;-1.02E2
Ang;146
Acc;-1.5000001E-2;-4.1E-2;1.049
Gyr;9.625E-2;-6.825E-1;1.645875E1
Mag;-2.27E2;2.8E1;-1.03E2
Ang;87
Acc;-1.0000001E-2;-3.6000002E-2;1.042
Gyr;3.85E-1;-2.275E-1;1.593375E1
Mag;-2.15E2;6.5E1;-1.04E2
Ang;286
Acc;-1.1000001E-2;-4.5E-2;1.0270001
Gyr;-7.9625E-1;-1.225;2.155125E1
Mag;-1.94E2;9.8E1;-1.09E2
Ang;239
Acc;-1.8000001E-2;-2.1000002E-2;1.0270001
Gyr;1.09375;-1.2162501;1.959125E1
Mag;-1.56E2;1.31E2;-1.1E2
Ang;293
Acc;-4.0000003E-2;-2.9000001E-2;1.044
Gyr;-2.6250001E-2;-5.6875E-1;2.114875E1
Mag;-1.05E2;1.49E2;-1.1E2
Ang;50
Acc;-3.2E-2;-2.6E-2;1.039
Gyr;2.1000001E-1;-4.9E-1;2.244375E1
Mag;-5.1E1;1.48E2;-1.16E2
Ang;200
Acc;-1.4E-2;-1.5000001E-2;1.0320001
Gyr;5.3375E-1;-1.0325;2.139375E1
Mag;4;1.26E2;-1.15E2
Ang;83
Acc;-1.8000001E-2;-3.5E-2;1.021
Gyr;-1.1375E-1;-1.81125;2.660875E1
Mag;5E1;8.3E1;-1.16E2
Ang;55
Acc;-2.8E-2;-1.2E-2;1.039
Gyr;-9.625E-2;-1.61875;3.01E1
Mag;7.1E1;1.7E1;-1.13E2
Ang;144
Acc;2.3000002E-2;1.9000001E-2;1.047
Gyr;-4.375E-1;-1.67125;2.11575E1
Mag;6E1;-4.3E1;-1.09E2
Ang;161
Acc;-4.2000003E-2;-1.3E-2;1.0660001
Gyr;5.25E-1;-1.16375;3.815E1
Mag;-7;-1.16E2;-1.06E2
Ang;182
Acc;4E-3;-2.2000002E-2;1.0350001
Gyr;-1.2162501;-1.6275;4.102E1
Mag;-1.07E2;-1.28E2;-1.01E2
Ang;308
Acc;-2.5E-2;-2.2000002E-2;1.0600001
Gyr;2.17875;1.225E-1;4.35225E1
Mag;-1.92E2;-8.3E1;-1.01E2
Ang;108
Acc;-4.8E-2;-5.3000003E-2;1.0270001
Gyr;1.855;-1.05000004E-1;4.452875E1
Mag;-2.29E2;9;-1.03E2
Ang;55
Acc;-6.7E-2;-1.7E-2;1.0810001
Gyr;-7.875E-2;-1.67125;4.52375E1
Mag;-1.96E2;9.7E1;-1.1E2
Ang;217
Acc;-3.6000002E-2;-4.7000002E-2;1.029
Gyr;7.6125E-1;-6.0375E-1;4.984875E1
Mag;-9.5E1;1.53E2;-1.11E2
Ang;16
Acc;-2.6E-2;-4.9000002E-2;1.0500001
Gyr;3.9375E-1;-6.9125E-1;4.8763752E1
Mag;2.1E1;1.18E2;-1.16E2
Ang;247
Acc;-2.9000001E-2;-5.3000003E-2;1.039
Gyr;1.86375;-1.72375;5.12925E1
Mag;7.2E1;8;-1.1E2
Ang;125
Acc;-2.7E-2;-2.1000002E-2;1.062
Gyr;2.205;2.49375;1.841875E1
Mag;3.9E1;-8.3E1;-1.08E2
Ang;118
Acc;-9.000001E-3;-1.6E-2;1.034
Gyr;-4.55E-1;-9.8E-1;2.596125E1
Mag;-7;-1.19E2;-1.06E2
Ang;15
Acc;-8E-3;-2.8E-2;1.052
Gyr;5.25E-1;-5.8625E-1;2.904125E1
Mag;-7.7E1;-1.34E2;-1.01E2
Ang;111
Acc;-1.1000001E-2;-1.1000001E-2;1.057
Gyr;-2.625E-1;-1.02375;2.391375E1
Mag;-1.44E2;-1.2E2;-1E2
Ang;198
Acc;-5.0000004E-3;-1.7E-2;1.028
Gyr;-3.0625E-1;-1.09375;2.17175E1
Mag;-1.96E2;-7.8E1;-9.8E1
Ang;296
Acc;-4E-3;-4.5E-2;1.031
Gyr;9.1E-1;-9.1E-1;3.30225E1
Mag;-2.28E2;-1.7E1;-1.02E2
Ang;208
Acc;2.2000002E-2;-1.3E-2;1.036
Gyr;6.5625E-1;-9.8875E-1;2.919875E1
Mag;-2.2E2;6.3E1;-1.07E2
Ang;28
Acc;-2.0000001E-2;-4.0000003E-2;1.0350001
Gyr;-3.15E-1;-1.75E-1;6.125E-2
Mag;-2.03E2;9E1;-1.09E2
Ang;38
Acc;-3.1000001E-2;-4.3E-2;1.103
Gyr;-4.795;-9.45E-1;1.88125
Mag;-1.98E2;8.9E1;-1.07E2
Ang;58
Acc;-5.2E-2;-6.4E-2;1.1500001
Gyr;1.8725001;-1.54875;1.6975
Mag;-1.86E2;8E1;-8.8E1
Ang;148
Acc;-2.4E-2;-4.2000003E-2;1.0610001
Gyr;2.1875E-1;5.425E-1;1.5925
Mag;-1.87E2;5.9E1;-8.3E1
Ang;281
Acc;0;-1.3E-2;1.0630001
Gyr;-2.1;-1.91625;1.12
Mag;-1.94E2;5.6E1;-8.2E1
Ang;30
Acc;-3.4E-2;-5E-2;1.0270001
Gyr;1.19;2.3625E-1;4.1125E-1
Mag;-2.04E2;5.7E1;-6.9E1
Ang;87
Acc;-1.8000001E-2;-3.0000001E-2;1.1090001
Gyr;2.485;-2.10875;8.75E-3
Mag;-2.24E2;6.5E1;-5.1E1
Ang;158
Acc;-5.9000004E-2;1.5000001E-2;1.1090001
Gyr;-9.975E-1;-7.4375E-1;1.645
Mag;-2.47E2;6.3E1;-4E1
Ang;216
Acc;-4.1E-2;-3.2E-2;1.0040001
Gyr;2.7825;1.4E-1;8.925E-1
Mag;-2.57E2;7.6E1;-5.1E1
Ang;237
Acc;2.1000002E-2;1.8000001E-2;8.9300007E-1
Gyr;1.2425;1.0325;4.2000002E-1
Mag;-2.64E2;9.2E1;-6.1E1
Ang;297
Acc;2.7E-2;-1.4E-2;1.0040001
Gyr;-4.48875;-4.375E-1;4.2000002E-1
Mag;-2.47E2;9.7E1;-6.7E1
Ang;18
Acc;1E-3;-2.3000002E-2;9.9500006E-1
Gyr;-1.84625;-4.375E-1;9.625E-2
Mag;-2.27E2;1.03E2;-8.8E1
Ang;37
Acc;-1.0000001E-2;1.1000001E-2;1.1730001
Gyr;-1.05;-2.54625;-5.3375E-1
Mag;-2.28E2;1.12E2;-8.7E1
Ang;60
Acc;-7.6000005E-2;-7E-2;9.3900007E-1
Gyr;5.6E-1;-1.925;1.4E-1
Mag;-2.54E2;1.17E2;-8E1
Ang;100
Acc;-1.4E-2;-6.9000006E-2;1.0250001
Gyr;-1.93375;5.425E-1;1.11125
Mag;-2.54E2;1.21E2;-8.8E1
Ang;122
Acc;-2.1000002E-2;-3.4E-2;1.0480001
Gyr;1.26;-2.49375;4.725E-1
Mag;-2.4E2;1.37E2;-8.2E1
Ang;144
Acc;-4.2000003E-2;-5.6E-2;1.0600001
Gyr;1.47875;-4.1125E-1;-9.975E-1
Mag;-2.39E2;1.21E2;-8.2E1
Ang;123
Acc;3.0000001E-2;1.2E-2;1.1850001
Gyr;-6.0375E-1;-1.0675;-1.35625
Mag;-2.52E2;1.25E2;-1.07E2
Ang;103
Acc;-2.1000002E-2;-1.06000006E-1;1.034
Gyr;-1.25125;4.375E-1;-6.0375E-1
Mag;-2.58E2;1.36E2;-1.07E2
Ang;70
Acc;-1E-3;-3.3E-2;1.08
Gyr;-1.26875;-1.11125;-8.75E-3
Mag;-2.64E2;1.4E2;-1.04E2
Ang;32
Acc;2E-3;-3.2E-2;1.1270001
Gyr;1.75E-2;7E-1;-4.725E-1
Mag;-2.49E2;1.41E2;-1.15E2
Ang;33
Acc;-1.6E-2;-3.0000001E-2;1.005
Gyr;-3.14125;-1.19;1.575E-1
Mag;-2.3E2;1.62E2;-1.12E2
Ang;36
Acc;-2.3000002E-2;8E-3;1.028
Gyr;-6.3875E-1;3.9375E-1;2.0125E-1
Mag;-1.92E2;1.64E2;-9.2E1
Ang;52
Acc;-6E-3;3E-3;1.0150001
Gyr;-8.925E-1;-1.35625;-4.025E-1
Mag;-1.66E2;1.55E2;-1.02E2
Ang;30
Acc;-5.3000003E-2;4.3E-2;1.1930001
Gyr;-1.39125;-9.275E-1;-2.625E-1
Mag;-1.48E2;1.63E2;-1.04E2
Ang;13
Acc;-4.1E-2;-4.6000004E-2;1.0660001
Gyr;5.3375E-1;-5.2500002E-2;-1.155
Mag;-1.51E2;1.53E2;-1.1E2
Ang;330
Acc;-3.0000001E-2;-3.0000001E-2;9.8700005E-1
Gyr;4.43625;9.625E-1;4.2000002E-1
Mag;-1.45E2;1.63E2;-1.06E2
Ang;320
Acc;-3E-3;-2.7E-2;1.0860001
Gyr;5.39;-1.60125;-1.25125
Mag;-1.52E2;1.56E2;-7.4E1
Ang;309
Acc;-5.6E-2;-2.3000002E-2;1.1400001
Gyr;1.19;-9.275E-1;7.875E-2
Mag;-1.54E2;1.38E2;-6.5E1
Ang;309
Acc;-4.7000002E-2;-1.4E-2;9.7E-1
Gyr;-3.78875;-1.32125;-2.0125E-1
Mag;-1.74E2;1.39E2;-7E1
Ang;316
Acc;-1.9000001E-2;-4E-3;1.1550001
Gyr;-1.9075;-1.6537501;5.8625E-1
Mag;-1.96E2;1.53E2;-6.5E1
Ang;304
Acc;-3.2E-2;-8.3000004E-2;1.062
Gyr;1.35625;1.015;-5.1625E-1
Mag;-2.17E2;1.53E2;-3.1E1
Ang;286
Acc;-2.3000002E-2;2E-3;1.197
Gyr;2.1525;-2.96625;-3.9375E-1
Mag;-2.27E2;1.32E2;-3.9E1
Ang;281
Acc;-4.0000003E-2;-1.8000001E-2;9.480001E-1
Gyr;-5.6175;2.2137501;-1.09375
Mag;-2.41E2;1.42E2;-6.3E1
Ang;292
Acc;-6.4E-2;-7E-3;9.9000007E-1
Gyr;-5.46;7E-1;4.9E-1
Mag;-2.5E2;1.59E2;-9.1E1
Ang;269
Acc;-3.0000001E-2;-6.5000005E-2;1.182
Gyr;-1.1375E-1;-1.4350001;-7.7E-1
Mag;-2.37E2;1.79E2;-8.2E1
Ang;263
Acc;1.0000001E-2;3E-3;1.034
Gyr;-6.125E-1;-8.75E-3;4.9875E-1
Mag;-2.24E2;1.51E2;-5.8E1
Ang;251
Acc;-4.5E-2;8E-3;1.098
Gyr;-4.025E-1;-1.0675;1.4875
Mag;-2.04E2;1.32E2;-6.5E1
Ang;272
Acc;-1.9000001E-2;-6.5000005E-2;1.069
Gyr;-2.8E-1;-3.535;-5.425E-1
Mag;-2.08E2;1.41E2;-5.4E1
Ang;284
Acc;-9.000001E-3;-1.2E-2;1.0120001
Gyr;-1.96875;8.6625E-1;-6.65E-1
Mag;-2.24E2;1.35E2;-2
Ang;288
Acc;-4.9000002E-2;-6.4E-2;1.023
Gyr;2.42375;-2.33625;-5.3375E-1
Mag;-2.5E2;9E1;3.1E1
Ang;285
Acc;-2.8E-2;-5.9000004E-2;9.5400006E-1
Gyr;2.61625;5.075E-1;-7.35E-1
Mag;-2.89E2;5.6E1;1.5E1
Ang;262
Acc;-7E-3;-8.3000004E-2;1.0430001
Gyr;-1.6625E-1;5.1625E-1;-3.0625E-1
Mag;-3.02E2;4.5E1;3
Ang;260
Acc;4E-3;-2.7E-2;1.12
Gyr;1.26;2.0125E-1;8.75E-2
Mag;-2.81E2;3.4E1;1.7E1
Ang;240
Acc;1.8000001E-2;-3.1000001E-2;9.7800004E-1
Gyr;3.6575;2.4325001;-6.125E-2
Mag;-2.54E2;8;2.7E1
Ang;243
Acc;-2.3000002E-2;-4.0000003E-2;1.065
Gyr;5.5125E-1;1.6625E-1;-8.75E-2
Mag;-2.32E2;-7;1.6E1
Ang;245
Acc;-8E-3;5.7000004E-2;1.161
Gyr;-2.10875;1.79375;-5.3375E-1
Mag;-2.09E2;-2.5E1;6
Ang;252
Acc;-2.0000001E-2;-1.6E-2;9.9100006E-1
Gyr;6.125E-2;-1.4E-1;1.05000004E-1
Mag;-1.91E2;-2.3E1;-1.4E1
Ang;240
Acc;3.7E-2;-4.9000002E-2;1.136
Gyr;-4.375E-1;-2.49375;-1.04125
Mag;-1.93E2;-1.2E1;-2.5E1
Ang;232
Acc;-2.5E-2;-7.9E-2;1.0610001
Gyr;-6.1425;3.5E-2;7.1750003E-1
Mag;-1.94E2;1;-4.6E1
Ang;245
Acc;-1.5000001E-2;-1.9000001E-2;1.0600001
Gyr;-4.9875;-2.0125E-1;1.8375E-1
Mag;-1.84E2;1.7E1;-6E1
Ang;247
Acc;-4.1E-2;-4.9000002E-2;1.0710001
Gyr;-6.3E-1;6.3E-1;-2.1875E-1
Mag;-1.7E2;2.7E1;-6.4E1
Ang;250
Acc;-2.6E-2;-3.5E-2;1.0660001
Gyr;3.84125;1.8375E-1;-4.8125E-1
Mag;-1.78E2;2.7E1;-6.1E1
Ang;248
Acc;-4.7000002E-2;-2.0000001E-2;9.8E-1
Gyr;-4.55E-1;1.225E-1;-1.05000004E-1
Mag;-1.95E2;2.8E1;-6.4E1
Ang;252
Acc;0;-2.1000002E-2;1.057
Gyr;-8.6625E-1;2.45E-1;1.085
Mag;-2.18E2;2.5E1;-7.3E1
Ang;275
Acc;-4.5E-2;-7.9E-2;1.1550001
Gyr;2.33625;-9.1E-1;-5.6875E-1
Mag;-2.33E2;4.1E1;-8.9E1
Ang;281
Acc;-7E-3;-4.9000002E-2;9.5500004E-1
Gyr;2.8700001;2.3625E-1;-4.8125E-1
Mag;-2.57E2;3.6E1;-8.4E1
Ang;246
Acc;-5.0000004E-3;2.4E-2;1.205
Gyr;-2.0475;-6.7375E-1;1.75E-1
Mag;-2.45E2;3.9E1;-1E2
Ang;233
Acc;-6.3E-2;-3.6000002E-2;9.34E-1
Gyr;-4.76875;-4.2875E-1;3.15E-1
Mag;-2.44E2;3.5E1;-8.8E1
Ang;239
Acc;-4.0000003E-2;-3.8000003E-2;9.8200005E-1
Gyr;-8.4000003E-1;-2.1175;7.875E-2
Mag;-2.51E2;1.3E1;-8.9E1
Ang;222
Acc;-8E-3;-2.7E-2;9.3200004E-1
Gyr;5.3375E-1;-2.8E-1;7.875E-2
Mag;-2.63E2;2;-9.1E1
Ang;219
Acc;-3.8000003E-2;-8E-3;1.176
Gyr;-2.14375;-7.35E-1;-4.6375E-1
Mag;-2.72E2;9;-1.25E2
Ang;243
Acc;2.4E-2;-9.8000005E-2;9.0900004E-1
Gyr;-3.675E-1;2.14375;-4.375E-2
Mag;-2.95E2;6.5E1;-1.5E2
Ang;247
Acc;-3.0000001E-2;-3.5E-2;9.43E-1
Gyr;3.80625;-1.09375;-1.925E-1
Mag;-3.02E2;1.12E2;-1.3E2
Ang;250
Acc;-2.9000001E-2;2.7E-2;1.079
Gyr;-2.975E-1;-2.205;2.0125E-1
Mag;-2.95E2;1.19E2;-1.09E2
Ang;240
Acc;-3.1000001E-2;-3E-3;9.5800006E-1
Gyr;-2.75625;2.7125E-1;-1.1375E-1
Mag;-2.76E2;1.28E2;-1.19E2
Ang;247
Acc;3.0000001E-2;-5.5000003E-2;1.1270001
Gyr;-1.30375;-1.3125;5.425E-1
Mag;-2.58E2;1.33E2;-1.09E2
Ang;251
Acc;-1.5000001E-2;-4.8E-2;1.1040001
Gyr;-5.075E-1;-2.2575;-1.47875
Mag;-2.54E2;1.22E2;-1.21E2
Ang;232
Acc;9.000001E-3;-7.700001E-2;1.0090001
Gyr;-7.4375E-1;-1.295;3.675E-1
Mag;-2.63E2;1.57E2;-1.41E2
Ang;204
Acc;-2.0000001E-2;-7E-2;9.9700004E-1
Gyr;-1.1375;-4.31375;-6.0375E-1
Mag;-2.67E2;2.09E2;-9.8E1
Ang;196
Acc;-8.6E-2;-3.4E-2;1.1110001
Gyr;-2.1875E-1;-1.855;-5.075E-1
Mag;-2.45E2;1.14E2;-6E1
Ang;164
Acc;-7.4E-2;-3.0000001E-2;1.184
Gyr;4.375E-1;-3.115;6.3E-1
Mag;-2.16E2;9.4E1;-1.55E2
Ang;178
Acc;-3.5E-2;9.000001E-3;1.0580001
Gyr;3.0625;-3.325;3.4125E-1
Mag;-1.75E2;1.54E2;-1.71E2
Ang;184
Acc;-2.7E-2;-2.9000001E-2;1.0730001
Gyr;1.5575;-4.025E-1;4.1125E-1
Mag;-1.47E2;1.64E2;-1.76E2
Ang;194
Acc;-1.2E-2;-5.1000003E-2;9.6800005E-1
Gyr;1.9425;-9.975E-1;-5.8625E-1
Mag;-1.62E2;2.34E2;-1.51E2
Ang;202
Acc;-3.2E-2;-7E-3;1.072
Gyr;-1.16375;9.3625003E-1;6.125E-2
Mag;-2.21E2;2.27E2;-7E1
Ang;203
Acc;-4.5E-2;-1.1000001E-1;9.2600006E-1
Gyr;-4.38375;8.225E-1;-4.725E-1
Mag;-2.56E2;1.64E2;2
Ang;213
Acc;3.7E-2;-5E-2;1.0450001
Gyr;-1.72375;-2.5375E-1;-2.975E-1
Mag;-2.82E2;1.13E2;-1E1
Ang;210
Acc;-3.9E-2;-2.7E-2;1.064
Gyr;-1.26;-1.33;8.225E-1
Mag;-2.64E2;9E1;-2.3E1
Ang;210
Acc;-2.3000002E-2;-2.5E-2;1.0250001
Gyr;-3.85E-1;-4.1125E-1;-9.45E-1
Mag;-2.43E2;7.2E1;-4.6E1
Ang;193
Acc;-8E-3;-3.2E-2;1.042
Gyr;1.8375E-1;-5.6E-1;4.725E-1
Mag;-2.34E2;5.9E1;-6.9E1
Ang;251
Acc;-1.6E-2;-3.5E-2;1.041
Gyr;-7.7E-1;-3.4125E-1;-2.9925
Mag;-2.35E2;5.2E1;-6.9E1
Ang;107
Acc;-1.1000001E-2;-4.2000003E-2;1.0430001
Gyr;-7.875E-2;-5.6875E-1;-6.65
Mag;-2.37E2;4.1E1;-7E1
Ang;213
Acc;-1.4E-2;-3.6000002E-2;1.033
Gyr;-4.4625E-1;-4.55E-1;-8.3475
Mag;-2.38E2;2.1E1;-6.9E1
Ang;126
Acc;-2.3000002E-2;-4.0000003E-2;1.044
Gyr;-2.6250001E-2;-3.7625E-1;-9.8175
Mag;-2.35E2;-4;-7.1E1
Ang;265
Acc;-1.1000001E-2;-2.8E-2;1.041
Gyr;-5.1625E-1;-6.3E-1;-1.2495E1
Mag;-2.31E2;-2.8E1;-6.5E1
Ang;13
Acc;-1.5000001E-2;-3.9E-2;1.042
Gyr;-9.0125E-1;-9.3625003E-1;-1.379E1
Mag;-2.18E2;-6E1;-6.2E1
Ang;323
Acc;-2.7E-2;-2.8E-2;1.0400001
Gyr;-5.075E-1;1.75E-2;-1.7535E1
Mag;-1.94E2;-8.8E1;-6.1E1
Ang;99
Acc;-2.5E-2;-3.3E-2;1.0350001
Gyr;-2.8875E-1;5.8625E-1;-1.883E1
Mag;-1.62E2;-1.17E2;-5.3E1
Ang;137
Acc;-4.7000002E-2;-2.8E-2;1.0350001
Gyr;-1.0325;-1.02375;-2.618875E1
Mag;-1.18E2;-1.4E2;-5E1
Ang;28
Acc;-1.8000001E-2;-2.7E-2;1.046
Gyr;-2.1000001E-1;1.4E-1;2.625E-1
Mag;-6.1E1;-1.48E2;-4.3E1
Ang;236
Acc;-2.4E-2;-3.8000003E-2;1.042
Gyr;-5.075E-1;-2.3625E-1;-3.50875
Mag;-5.3E1;-1.46E2;-4.5E1
Ang;126
Acc;-1.2E-2;-2.7E-2;1.0380001
Gyr;-7E-2;-4.9E-1;-7.6825
Mag;-3.8E1;-1.46E2;-4.3E1
Ang;117
Acc;-2.8E-2;-3.5E-2;1.0400001
Gyr;-4.2000002E-1;-7.1750003E-1;-8.2775
Mag;-2.1E1;-1.42E2;-4.5E1
Ang;58
Acc;-2.1000002E-2;-2.5E-2;1.036
Gyr;-7.7E-1;-3.325E-1;-1.2775E1
Mag;8;-1.33E2;-4.4E1
Ang;212
Acc;-1.3E-2;-3.9E-2;1.049
Gyr;-5.95E-1;-6.65E-1;-1.13225E1
Mag;3.4E1;-1.18E2;-4.5E1
Ang;349
Acc;-2.4E-2;-2.9000001E-2;1.044
Gyr;-2.3625E-1;-2.275E-1;-1.75E-1
Mag;4.5E1;-1.08E2;-4.5E1
Ang;359
Acc;-3.3E-2;-8.800001E-2;9.2100006E-1
Gyr;2.7125E-1;1.88125;-2.5725
Mag;6.5E1;-1.24E2;-4.5E1
Ang;273
Acc;-3.0000001E-2;-7.9E-2;1.0480001
Gyr;2.0125E-1;9.8875E-1;-2.24875
Mag;8.2E1;-1.26E2;-6.2E1
Ang;140
Acc;-6.2000003E-2;-4.1E-2;1.018
Gyr;-6.125E-1;8.75E-3;-3.9375
Mag;6.8E1;-1.64E2;-2.9E1
Ang;3
Acc;-8E-3;-8.9E-2;1.0730001
Gyr;1.74125;-1.05;-1.44375
Mag;4.5E1;-1.89E2;-7.8E1
Ang;252
Acc;-3.9E-2;-9E-2;1.141
Gyr;5.15375;-1.9425;-3.5262501
Mag;1.1E1;-1.88E2;-9.1E1
Ang;132
Acc;-2.4E-2;-4.8E-2;1.0890001
Gyr;-4.13;-1.81125;-5.3375E-1
Mag;5;-1.67E2;-1.06E2
Ang;25
Acc;-3.0000001E-2;-1.9000001E-2;1.107
Gyr;-1.53125;4.9875E-1;-6.0375E-1
Mag;2.7E1;-1.54E2;-9.6E1
Ang;307
Acc;1.7E-2;1.2E-2;1.23
Gyr;-6.2825;-1.3825;-9.5375E-1
Mag;5.2E1;-1.34E2;-1.06E2
Ang;220
Acc;-2.0000001E-2;1.1000001E-2;1.0070001
Gyr;1.46125;2.2225;-7.35E-1
Mag;1.13E2;-9.9E1;-5.4E1
Ang;152
Acc;1.28E-1;-6.4E-2;1.0480001
Gyr;-3.8675;7.6475;-5.04
Mag;1.52E2;-1.71E2;-4.8E1
Ang;100
Acc;-4.1E-2;-2.0000001E-2;9.4600004E-1
Gyr;-1.33;3.85E-1;-1.05000004E-1
Mag;1.5E2;-1.49E2;-1.22E2
Ang;359
Acc;-1.1000001E-2;-4.4000003E-2;9.8600006E-1
Gyr;5.425E-1;-7.875E-2;-4.375E-1
Mag;1.23E2;-9.2E1;-1.39E2
Ang;344
Acc;1.1000001E-2;-1.5000001E-2;1.069
Gyr;5.18875;-1.2425;-1.75E-1
Mag;1.19E2;-8.9E1;-1.12E2
Ang;338
Acc;-4.0000003E-2;6.3E-2;1.3520001
Gyr;5.10125;-3.955;4.1125E-1
Mag;1.29E2;-1.08E2;-1.22E2
Ang;342
Acc;-9.000001E-3;1.9000001E-2;1.166
Gyr;5.6875E-1;4.4625E-1;1.75E-2
Mag;1.5E2;-9.3E1;-1.26E2
Ang;1
Acc;-4.8E-2;-8.2E-2;1.023
Gyr;3.5875002E-1;-1.015;5.3375E-1
Mag;1.62E2;-8.6E1;-1.28E2
Ang;21
Acc;-2.8E-2;-8.0000006E-2;1.085
Gyr;-4.165;1.4350001;-6.2125E-1
Mag;1.57E2;-6.4E1;-1.51E2
Ang;34
Acc;-5.0000004E-3;1E-3;1.051
Gyr;1.25125;-2.72125;-2.275E-1
Mag;1.31E2;-1E1;-1.58E2
Ang;52
Acc;-4.3E-2;-2.8E-2;1.103
Gyr;1.6625E-1;-1.75E-1;-7.0875E-1
Mag;1.06E2;2.8E1;-1.27E2
Ang;79
Acc;-2E-3;-3.7E-2;1.166
Gyr;-7.7875;-3.4125E-1;1.4175
Mag;9.7E1;1.3E1;-1E2
Ang;130
Acc;1.1000001E-2;-6.4E-2;9.0300006E-1
Gyr;3.465;-8.4875E-1;-9.7125E-1
Mag;9.2E1;5;-1.01E2
Ang;158
Acc;-6.1000004E-2;-4.8E-2;9.47E-1
Gyr;-7.7875E-1;2.63375;8.75E-1
Mag;9E1;-1.7E1;-1E2
Ang;180
Acc;7E-3;-6.3E-2;1.036
Gyr;3.0625E-1;2.8175;3.2375E-1
Mag;6.1E1;-1E1;-7.2E1
Ang;224
Acc;-5.2E-2;-6.3E-2;9.4000006E-1
Gyr;-1.4350001;3.9637501;7.4375E-1
Mag;9.8E1;-2.4E1;-9.2E1
Ang;252
Acc;-6E-3;-2E-3;9.8300004E-1
Gyr;3.87625;2.4325001;7.35E-1
Mag;7E1;-2.1E1;-9.8E1
Ang;232
Acc;-2.0000001E-2;-3.7E-2;1.223
Gyr;3.3600001;-2.7825;6.3875E-1
Mag;4.8E1;-1.2E1;-8.2E1
Ang;225
Acc;-7.9E-2;-1.3E-2;9.61E-1
Gyr;-1.26;-1.47;-5.25E-1
Mag;2.8E1;-1.7E1;-8E1
Ang;249
Acc;-2.3000002E-2;-8E-3;1.33
Gyr;-4.7775;-2.975;-7.875E-2
Mag;1.5E1;-1.9E1;-7.1E1
Ang;254
Acc;-2.2000002E-2;-2.8E-2;9.7900003E-1
Gyr;-3.92875;1.4175;-2.45E-1
Mag;1E1;-1.3E1;-7.8E1
Ang;250
Acc;-6.4E-2;2.5E-2;1.0150001
Gyr;1.5925;-1.9425;4.9E-1
Mag;2.9E1;2;-6.9E1
Ang;235
Acc;2.6E-2;3.6000002E-2;1.031
Gyr;1.04125;-2.9925;1.8375E-1
Mag;3.5E1;1.6E1;-5.3E1
Ang;226
Acc;5.5000003E-2;-5.2E-2;1.093
Gyr;3.0625E-1;6.65E-1;-2.345
Mag;3.1E1;2.4E1;-3.6E1
Ang;229
Acc;-6.0000002E-2;5.0000004E-3;9.5400006E-1
Gyr;-9.1E-1;-1.42625;1.19
Mag;3.9E1;3.7E1;-2.7E1
Ang;222
Acc;-3.2E-2;6E-3;1.0430001
Gyr;-5.22375;4.55E-1;-1.05000004E-1
Mag;6.4E1;3.5E1;-6
Ang;209
Acc;5.2E-2;-5E-2;1.049
Gyr;1.40875;-3.4125E-1;-2.3625
Mag;8.7E1;1.7E1;2
Ang;190
Acc;1.7E-2;-3.6000002E-2;9.7200006E-1
Gyr;-4.45375;2.275E-1;-3.7625E-1
Mag;1.09E2;-4;6
Ang;195
Acc;-5.0000004E-3;-6.0000002E-2;9.6000004E-1
Gyr;5.95E-1;4.2000002E-1;-8.75E-2
Mag;1.39E2;-2.2E1;-3
Ang;188
Acc;-4.7000002E-2;-2E-3;9.5500004E-1
Gyr;-4.9175;-9.1875E-1;6.825E-1
Mag;1.59E2;-3.3E1;-5
Ang;174
Acc;-6.4E-2;-3E-3;1.059
Gyr;-2.275E-1;1.19875;2.8E-1
Mag;1.37E2;-5.5E1;5
Ang;177
Acc;-2.0000001E-2;-9.1000006E-2;9.8100007E-1
Gyr;3.26375;7E-1;-2.975E-1
Mag;9.8E1;-9.4E1;1.7E1
Ang;167
Acc;-1.1000001E-2;-3.4E-2;9.3500006E-1
Gyr;4.0075;9.8E-1;-9.0125E-1
Mag;8E1;-1.3E2;-2.6E1
Ang;156
Acc;7E-3;-3.9E-2;1.075
Gyr;2.905;-5.6875E-1;8.6625E-1
Mag;6.9E1;-1.21E2;-7.2E1
Ang;160
Acc;1.0000001E-2;-3.7E-2;1.0580001
Gyr;-3.19375;1.3125;7.9625E-1
Mag;6.7E1;-1.17E2;-7.8E1
Ang;167
Acc;5.7000004E-2;-5E-2;9.5600003E-1
Gyr;-3.22875;7.525E-1;-1.575E-1
Mag;8E1;-1.44E2;-6.4E1
Ang;197
Acc;4.3E-2;2E-3;9.5600003E-1
Gyr;-1.2162501;-1.225E-1;-6.3875E-1
Mag;9E1;-1.63E2;-9.1E1
Ang;194
Acc;-1.0000001E-2;-4.3E-2;1.041
Gyr;9.7125E-1;-1.39125;-1.05
Mag;9.8E1;-1.39E2;-8.9E1
Ang;171
Acc;-3.1000001E-2;-7.300001E-2;9.4000006E-1
Gyr;-1.12875;-3.85E-1;-3.675E-1
Mag;8.5E1;-1.27E2;-6.5E1
Ang;147
Acc;-2.7E-2;2.7E-2;1.031
Gyr;-9.1E-1;-1.18125;9.0125E-1
Mag;6.8E1;-1.2E2;-4E1
Ang;142
Acc;-2.1000002E-2;-2.8E-2;1.151
Gyr;1.1375E-1;-9.45E-1;-2.6250001E-2
Mag;5.8E1;-1.47E2;-4.3E1
Ang;135
Acc;-3.1000001E-2;-1.2E-2;1.092
Gyr;-8.75E-3;-5.95E-1;-6.125E-2
Mag;3.9E1;-1.37E2;-7.1E1
Ang;134
Acc;2.6E-2;3E-3;1.1170001
Gyr;-1.93375;1.4E-1;-8.75E-2
Mag;1.6E1;-1.25E2;-7.1E1
Ang;140
Acc;-6.2000003E-2;-4.6000004E-2;1.146
Gyr;1.4875;-1.63625;7.7875E-1
Mag;1;-1.26E2;-6.4E1
Ang;161
Acc;-5E-2;-1.4E-2;1.0910001
Gyr;-1.2162501;-2.03875;-2.275E-1
Mag;-1;-1.42E2;-8E1
Ang;161
Acc;0;-7.1E-2;8.55E-1
Gyr;4.83875;-6.3E-1;3.325E-1
Mag;-2;-1.47E2;-1.1E2
Ang;170
Acc;-5.3000003E-2;-7.8E-2;1.039
Gyr;8.05E-1;1.5925;-1.925E-1
Mag;-1;-1.36E2;-1.08E2
Ang;159
Acc;-3.4E-2;-6E-3;1.062
Gyr;1.47;-1.44375;-7.1750003E-1
Mag;0;-1.47E2;-1.07E2
Ang;146
Acc;-2.7E-2;-2.8E-2;1.044
Gyr;-1.32125;2.35375;-1.4875E-1
Mag;3;-1.44E2;-1.13E2
Ang;146
Acc;-8E-3;4E-3;1.125
Gyr;-1.60125;-2.5375E-1;-2.6250001E-2
Mag;1.5E1;-1.34E2;-1.03E2
Ang;150
Acc;-4.8E-2;1E-3;1.0500001
Gyr;2.5375E-1;1.0675;-5.425E-1
Mag;4.3E1;-1.42E2;-9.6E1
Ang;154
Acc;-2.9000001E-2;3.5E-2;1.1060001
Gyr;-1.5225;7.7875E-1;1.925E-1
Mag;7.2E1;-1.41E2;-1.12E2
Ang;171
Acc;3.0000001E-2;-6.8E-2;1.133
Gyr;-5.50375;-1.07625;-6.125E-1
Mag;9E1;-1.21E2;-1.2E2
Ang;162
Acc;-5.6E-2;6.7E-2;1.0450001
Gyr;-4.62;-3.15E-1;-4.4625E-1
Mag;1.05E2;-1.19E2;-1.1E2
Ang;130
Acc;-2.6E-2;-4.2000003E-2;9.61E-1
Gyr;3.3600001;4.4625E-1;-7.35E-1
Mag;1.05E2;-1.18E2;-1.12E2
Ang;115
Acc;-1.8000001E-2;-6.3E-2;9.98E-1
Gyr;2.975E-1;1.015;5.2500002E-2
Mag;9.7E1;-1.11E2;-1.19E2
Ang;93
Acc;7E-3;-3.4E-2;1.001
Gyr;3.675E-1;-1.07625;-1.155
Mag;8.5E1;-9.8E1;-1.07E2
Ang;87
Acc;0;-1.7E-2;1.115
Gyr;-3.7275;-4.8125E-1;7.1750003E-1
Mag;7.4E1;-1.1E2;-9.7E1
Ang;76
Acc;-1.7E-2;-7.6000005E-2;1.046
Gyr;1.1725;-5.775E-1;3.85E-1
Mag;7.7E1;-1.04E2;-1E2
Ang;78
Acc;-6.0000002E-2;-7.4E-2;1.0860001
Gyr;-2.58125;-2.26625;7.0875E-1
Mag;7.7E1;-9.8E1;-8.3E1
Ang;100
Acc;0;-6E-3;1.098
Gyr;9.625E-1;6.0375E-1;1.23375
Mag;5.9E1;-1.05E2;-9.6E1
Ang;153
Acc;-4.5E-2;8.800001E-2;1.138
Gyr;-2.8175;-8.3125E-1;-2.6250001E-2
Mag;5.3E1;-9E1;-1.01E2
Ang;191
Acc;-2.1000002E-2;3.5E-2;9.6700007E-1
Gyr;7.9625E-1;2.2137501;1.40875
Mag;6.6E1;-8.3E1;-8.1E1
Ang;251
Acc;-3.2E-2;-3.3E-2;1.0990001
Gyr;-1.8725001;-3.535;1.085
Mag;7.5E1;-9.2E1;-6.4E1
Ang;319
Acc;-6.2000003E-2;1.6E-2;1.1500001
Gyr;-2.0825;-1.63625;9.625E-1
Mag;7.4E1;-8.8E1;-6E1
Ang;40
Acc;-1.0000001E-2;-5.4E-2;1.051
Gyr;-3.15E-1;-2.135;1.225E-1
Mag;7.9E1;-7.7E1;-4.8E1
Ang;75
Acc;-5.8000002E-2;-3.7E-2;1.024
Gyr;1.75;1.82875;1.8375
Mag;6.7E1;-7.9E1;-5.4E1
Ang;161
Acc;-2.8E-2;-4.0000003E-2;1.138
Gyr;2.96625;3.35125;2.835
Mag;4.5E1;-6.8E1;-7.1E1
Ang;315
Acc;2E-3;-3.2E-2;1.108
Gyr;-2.16125;-4.4625E-1;2.73
Mag;2.5E1;-7.1E1;-8.3E1
Ang;116
Acc;-2.0000001E-2;-9.4000004E-2;9.3600005E-1
Gyr;2.19625;1.39125;7.04375
Mag;-2;-6.8E1;-7.7E1
Ang;60
Acc;1.0000001E-2;-2.4E-2;9.7E-1
Gyr;3.50875;-3.9375E-1;1.075375E1
Mag;-4.9E1;-8.5E1;-6.3E1
Ang;40
Acc;-6E-3;-7.6000005E-2;9.7E-1
Gyr;6.125E-1;2.0125E-1;4.27
Mag;-1.02E2;-9.7E1;-4.2E1
Ang;17
Acc;3.1000001E-2;-6.3E-2;9.8100007E-1
Gyr;1.575E-1;-1.4E-1;5.9587502
Mag;-1.41E2;-1.04E2;-2.4E1
Ang;10
Acc;-1.2E-2;-2.9000001E-2;1.0170001
Gyr;2.7125E-1;-1.82;1.267E1
Mag;-1.81E2;-9.1E1;-4
Ang;285
Acc;-3.1000001E-2;1.0000001E-2;1.052
Gyr;-3.61375;-9.975E-1;3.427375E1
Mag;-2.11E2;-6.5E1;3.9E1
Ang;99
Acc;-8E-3;-3.4E-2;1.0450001
Gyr;4.55E-1;-3.4125E-1;3.094875E1
Mag;-2.25E2;6;3.7E1
Ang;126
Acc;7E-3;-3.7E-2;1.0430001
Gyr;5.6E-1;-1.04125;9.79125
Mag;-2.08E2;6.3E1;3.6E1
Ang;165
Acc;-1.1000001E-2;-3.4E-2;1.046
Gyr;-5.25E-1;-3.7625E-1;-9.98375
Mag;-2.08E2;5.4E1;3.9E1
Ang;322
Acc;-1.3E-2;-2.4E-2;1.0370001
Gyr;-1.26875;-2.1000001E-1;-1.075375E1
Mag;-2.17E2;3.4E1;4.3E1
Ang;163
Acc;-1.6E-2;-5E-2;1.0450001
Gyr;-5.425E-1;-6.0375E-1;-1.232875E1
Mag;-2.18E2;7;4.8E1
Ang;305
Acc;-1.0000001E-2;-3.1000001E-2;1.033
Gyr;-5.8625E-1;-2.6250001E-2;-1.5190001E1
Mag;-2.17E2;-2.3E1;5.2E1
Ang;278
Acc;-1.2E-2;-4.0000003E-2;1.046
Gyr;3.7625E-1;3.15E-1;-2.21725E1
Mag;-2.02E2;-6.9E1;6E1
Ang;249
Acc;-1.4E-2;-3.9E-2;1.052
Gyr;-6.825E-1;1.015;-2.45175E1
Mag;-1.62E2;-1.18E2;6.3E1
Ang;237
Acc;-2.6E-2;-1.6E-2;1.0450001
Gyr;1.8375E-1;-1.015;-9.98375
Mag;-1.26E2;-1.39E2;6E1
Ang;32
Acc;-6E-3;-3.6000002E-2;1.036
Gyr;-3.675E-1;-2.30125;-2.17175E1
Mag;-9.4E1;-1.47E2;5.2E1
Ang;17
Acc;-3.3E-2;-2.0000001E-2;1.0480001
Gyr;-2.0825;8.3125E-1;-2.520875E1
Mag;-3.7E1;-1.53E2;3.9E1
Ang;186
Acc;5.0000004E-3;-1.3E-2;1.033
Gyr;-1.155;-4.8125E-1;-2.43075E1
Mag;2E1;-1.26E2;2.9E1
Ang;281
Acc;-3.0000001E-2;-6.2000003E-2;1.0480001
Gyr;3.5875002E-1;5.775E-1;-2.79825E1
Mag;7E1;-7.8E1;8
Ang;275
Acc;-1.1000001E-2;-5.2E-2;1.0250001
Gyr;-1.40875;-1.12;-5.242125E1
Mag;8.3E1;4.2E1;-2E1
Ang;162
Acc;-2.5E-2;-1.8000001E-2;1.0480001
Gyr;-4.2000002E-1;0;-3.2138752E1
Mag;-1;1.36E2;-2.3E1
Ang;272
Acc;-1.8000001E-2;-1.6E-2;1.034
Gyr;-3.7625E-1;7.875E-2;-2.74225E1
Mag;-8.5E1;1.48E2;-8
Ang;213
Acc;-2E-3;-3.1000001E-2;1.034
Gyr;1.3125;-1.37375;-3.39675E1
Mag;-1.56E2;1.21E2;7
Ang;296
Acc;-1.1000001E-2;-2.2000002E-2;1.0300001
Gyr;-1.18125;-7.7E-1;-2.232125E1
Mag;-1.94E2;5.8E1;4.6E1
Ang;206
Acc;-3.8000003E-2;-2.7E-2;1.041
Gyr;-1.7675;4.8125E-1;-2.965375E1
Mag;-2.04E2;-2.1E1;7.9E1
Ang;68
Acc;-3.7E-2;-2.5E-2;1.034
Gyr;-2.485;-3.0625E-1;-2.6075E1
Mag;-1.64E2;-1.11E2;9.3E1
Ang;230
Acc;-2.1000002E-2;-3.3E-2;1.0370001
Gyr;-2.7125E-1;-1.05875;-1.99675E1
Mag;-1.1E2;-1.51E2;9.8E1
Ang;48
Acc;-1.1000001E-2;-2.3000002E-2;1.0500001
Gyr;-9.0125E-1;-4.9E-1;-1.285375E1
Mag;-5E1;-1.7E2;9.4E1
Ang;336
Acc;-4E-3;-1.9000001E-2;1.0370001
Gyr;-3.85E-1;-4.375E-2;-1.20925E1
Mag;-1.4E1;-1.72E2;9.3E1
Ang;342
Acc;-1.8000001E-2;-3.0000001E-2;1.042
Gyr;-5.425E-1;-5.075E-1;-8.75E-3
Mag;-6;-1.7E2;9.4E1
Ang;83
Acc;-1.6E-2;-2.5E-2;1.0400001
Gyr;-3.4125E-1;-4.725E-1;-3.675E-1
Mag;-6;-1.69E2;9.4E1
Ang;79
